# File generated by CMD 3.6 (http://stev.oapd.inaf.it/cmd) on Wed Jun 22 00:02:21 CEST 2022
# isochrones based on PARSEC release v1.2S +  COLIBRI S_37 + S_35 + PR16
# Basic references: Bressan et al. (2012), MNRAS, 427, 127 + Chen et al. (2014, 2015), MNRAS, 444, 2525 + MNRAS, 452, 1068 + Tang et al. (2014), MNRAS, 445, 4287 + Marigo et al. (2017), ApJ, 835, 77 + Pastorelli al. (2019), MNRAS, 485, 5666 + Pastorelli al. (2020), MNRAS, in press
# Thermal pulse cycles included 
# On RGB, assumed Reimers mass loss with efficiency eta=0.2
# LPV periods and growth rates added cf. Trabucchi et al. (2019)
# but fundamental-mode LPV periods are from Trabucchi et al. (2021)
# Photometric system: HST/WFC3 wide filters (UVIS+IR) - updated filters and zeropoints, 2021
# Using YBC version of bolometric corrections as in Chen et al. (2019)
# O-rich circumstellar dpmod60alox40 dust from Groenewegen (2006)
# C-rich circumstellar AMCSIC15 dust from Groenewegen (2006)
# IMF: Kroupa (2001, 2002) + Kroupa et al. (2013) canonical two-part-power law IMF corrected for unresolved binaries 
# Kind of output: isochrone tables
# Zini     MH   logAge Mini        int_IMF         Mass   logL    logTe  logg  label   McoreTP C_O  period0  period1  period2  period3  period4  pmode  Mloss  tau1m   X   Y   Xc  Xn  Xo  Cexcess  Z 	 mbolmag  F218Wmag  F225Wmag  F275Wmag  F336Wmag  F390Wmag  F438Wmag  F475Wmag  F555Wmag  F606Wmag  F625Wmag  F775Wmag  F814Wmag  F105Wmag  F110Wmag  F125Wmag  F140Wmag  F160Wmag
0.00015547 -2.00000 10.07918 0.0936335474 1.1156111956    0.094 -3.048  3.5137  5.463    1  0.000  0.545     0.00     0.00     0.00     0.00     0.00 -1 -6.83e-17      0.00 7.473e-01 2.525e-01 2.943e-05 7.939e-06 7.201e-05 -1.000 1.636e-04 12.390 21.989 21.249 21.928 17.969 17.718 16.300 15.214 14.237 13.565 13.201 11.809 11.619 10.871 10.683 10.452 10.290 10.194
0.00015547 -2.00000 10.07918 0.0979434103 1.1536936760    0.098 -2.915  3.5322  5.424    1  0.000  0.545     0.00     0.00     0.00     0.00     0.00 -1  -9.5e-17      0.00 7.463e-01 2.536e-01 2.943e-05 7.939e-06 7.201e-05 -1.000 1.637e-04 12.057 21.393 20.820 20.987 17.018 16.682 15.529 14.580 13.658 13.021 12.661 11.473 11.304 10.595 10.408 10.181 9.998 9.867
0.00015547 -2.00000 10.07918 0.1035686582 1.2002434731    0.103 -2.750  3.5551  5.375    1  0.000  0.545     0.00     0.00     0.00     0.00     0.00 -1 -1.43e-16      0.00 7.449e-01 2.550e-01 2.943e-05 7.939e-06 7.201e-05 -1.000 1.636e-04 11.645 20.545 20.109 19.476 15.884 15.490 14.610 13.809 12.987 12.380 12.034 11.054 10.909 10.250 10.068 9.849 9.646 9.483
0.00015547 -2.00000 10.07918 0.1234388798 1.3415665627    0.123 -2.474  3.5829  5.287    1  0.000  0.545     0.00     0.00     0.00     0.00     0.00 -1 -2.73e-16      0.00 7.417e-01 2.581e-01 2.943e-05 7.940e-06 7.201e-05 -1.000 1.637e-04 10.956 19.200 18.703 17.434 14.406 14.028 13.394 12.730 12.037 11.482 11.162 10.355 10.231 9.633 9.462 9.254 9.039 8.847
0.00015547 -2.00000 10.07918 0.1433091164 1.4560320377    0.143 -2.298  3.5964  5.229    1  0.000  0.545     0.00     0.00     0.00     0.00     0.00 -1 -4.07e-16      0.00 7.396e-01 2.602e-01 2.943e-05 7.940e-06 7.201e-05 -1.000 1.637e-04 10.514 18.390 17.796 16.398 13.615 13.279 12.736 12.121 11.486 10.964 10.661 9.907 9.792 9.223 9.058 8.856 8.639 8.438
0.00015547 -2.00000 10.07918 0.1631793380 1.5515257120    0.163 -2.160  3.6051  5.182    1  0.000  0.545     0.00     0.00     0.00     0.00     0.00 -1 -5.53e-16      0.00 7.384e-01 2.614e-01 2.943e-05 7.940e-06 7.201e-05 -1.000 1.636e-04 10.170 17.826 17.173 15.715 13.057 12.757 12.264 11.676 11.075 10.575 10.283 9.558 9.447 8.898 8.736 8.538 8.321 8.117
0.00015547 -2.00000 10.07918 0.2029198259 1.7036917210    0.203 -1.946  3.6168  5.109    1  0.000  0.545     0.00     0.00     0.00     0.00     0.00 -1 -8.82e-16      0.00 7.378e-01 2.621e-01 2.943e-05 7.940e-06 7.201e-05 -1.000 1.636e-04 9.634 16.992 16.267 14.750 12.248 12.005 11.569 11.014 10.454 9.982 9.705 9.015 8.911 8.387 8.230 8.037 7.821 7.615
0.00015547 -2.00000 10.07918 0.2525953948 1.8468695879    0.252 -1.749  3.6275  5.051    1  0.000  0.545     0.00     0.00     0.00     0.00     0.00 -1 -1.33e-15      0.00 7.380e-01 2.618e-01 2.943e-05 7.940e-06 7.201e-05 -1.000 1.636e-04 9.143 16.165 15.394 13.874 11.523 11.334 10.945 10.415 9.888 9.441 9.177 8.518 8.419 7.918 7.765 7.577 7.363 7.157
0.00015547 -2.00000 10.07918 0.3022710085 1.9574397802    0.302 -1.598  3.6363  5.013    1  0.000  0.545     0.00     0.00     0.00     0.00     0.00 -1  -1.8e-15      0.00 7.381e-01 2.618e-01 2.942e-05 7.941e-06 7.201e-05 -1.000 1.636e-04 8.765 15.502 14.704 13.190 10.957 10.818 10.464 9.953 9.451 9.024 8.770 8.135 8.040 7.557 7.408 7.225 7.013 6.809
0.00015547 -2.00000 10.07918 0.3519465327 2.0465962887    0.352 -1.473  3.6445  4.987    1  0.000  0.544     0.00     0.00     0.00     0.00     0.00 -1 -2.29e-15      0.00 7.382e-01 2.616e-01 2.940e-05 7.942e-06 7.201e-05 -1.000 1.636e-04 8.451 14.961 14.140 12.616 10.478 10.385 10.061 9.567 9.086 8.676 8.431 7.816 7.725 7.260 7.115 6.935 6.726 6.524
0.00015547 -2.00000 10.07918 0.4016221166 2.1207315922    0.401 -1.347  3.6534  4.955    1  0.000  0.545     0.00     0.00     0.00     0.00     0.00 -1 -2.97e-15      0.00 7.502e-01 2.496e-01 2.943e-05 7.939e-06 7.201e-05 -1.000 1.637e-04 8.139 14.414 13.570 12.028 9.988 9.947 9.656 9.180 8.721 8.327 8.092 7.500 7.413 6.966 6.824 6.648 6.443 6.245
0.00015547 -2.00000 10.07918 0.4512977004 2.1838121414    0.451 -1.194  3.6681  4.911    1  0.000  0.545     0.00     0.00     0.00     0.00     0.00 -1 -4.19e-15      0.00 7.507e-01 2.491e-01 2.943e-05 7.939e-06 7.201e-05 -1.000 1.637e-04 7.756 13.540 12.692 11.179 9.322 9.365 9.130 8.684 8.258 7.892 7.672 7.114 7.033 6.616 6.480 6.311 6.113 5.922
0.00015547 -2.00000 10.07918 0.5009732842 2.2384552956    0.501 -1.023  3.6852  4.854    1  0.000  0.545     0.00     0.00     0.00     0.00     0.00 -1  -6.3e-15      0.00 7.514e-01 2.484e-01 2.938e-05 7.927e-06 7.190e-05 -1.000 1.636e-04 7.328 12.492 11.671 10.230 8.585 8.720 8.551 8.140 7.750 7.412 7.209 6.688 6.614 6.231 6.103 5.942 5.753 5.571
0.00015547 -2.00000 10.07918 0.5506489277 2.2841949463    0.550 -0.819  3.7053  4.771    1  0.000  0.544     0.00     0.00     0.00     0.00     0.00 -1 -1.06e-14      0.00 7.848e-01 2.151e-01 2.566e-05 6.927e-06 6.286e-05 -1.000 9.984e-05 6.818 11.176 10.442 9.151 7.748 7.978 7.883 7.514 7.164 6.855 6.669 6.189 6.122 5.777 5.658 5.506 5.329 5.160
0.00015547 -2.00000 10.07918 0.6003244519 2.3213412762    0.600 -0.611  3.7305  4.701    1  0.000  0.544     0.00     0.00     0.00     0.00     0.00 -1 -1.77e-14      0.00 7.975e-01 2.024e-01 2.432e-05 6.570e-06 5.965e-05 -1.000 1.154e-04 6.297 9.646 9.063 8.017 6.889 7.211 7.194 6.877 6.572 6.297 6.130 5.697 5.639 5.339 5.230 5.090 4.928 4.773
0.00015547 -2.00000 10.07918 0.6074755192 2.3261165619    0.607 -0.579  3.7348  4.691    1  0.000  0.544     0.00     0.00     0.00     0.00     0.00 -1 -1.91e-14      0.00 7.997e-01 2.002e-01 2.409e-05 6.508e-06 5.909e-05 -1.000 1.078e-04 6.218 9.414 8.855 7.849 6.763 7.097 7.090 6.782 6.484 6.214 6.050 5.624 5.568 5.275 5.167 5.029 4.869 4.718
0.00015547 -2.00000 10.07918 0.6185930967 2.3332889080    0.618 -0.530  3.7414  4.676    1  0.000  0.543     0.00     0.00     0.00     0.00     0.00 -1 -2.16e-14      0.00 8.033e-01 1.965e-01 2.371e-05 6.406e-06 5.817e-05 -1.000 1.528e-04 6.094 9.050 8.530 7.588 6.567 6.920 6.929 6.634 6.347 6.084 5.925 5.511 5.456 5.174 5.069 4.934 4.778 4.630
0.00015547 -2.00000 10.07918 0.6284974217 2.3394336700    0.628 -0.485  3.7472  4.662    1  0.000  0.543     0.00     0.00     0.00     0.00     0.00 -1 -2.42e-14      0.00 8.067e-01 1.931e-01 2.335e-05 6.311e-06 5.732e-05 -1.000 1.417e-04 5.983 8.716 8.235 7.357 6.399 6.766 6.787 6.503 6.225 5.970 5.815 5.411 5.359 5.086 4.983 4.850 4.696 4.551
0.00015547 -2.00000 10.07918 0.6381110549 2.3451886177    0.638 -0.441  3.7528  4.647    1  0.000  0.543     0.00     0.00     0.00     0.00     0.00 -1 -1.22e-15      0.00 8.102e-01 1.897e-01 2.299e-05 6.215e-06 5.646e-05 -1.000 1.269e-04 5.874 8.404 7.958 7.137 6.237 6.618 6.650 6.376 6.107 5.859 5.708 5.314 5.264 5.000 4.898 4.768 4.616 4.473
0.00015547 -2.00000 10.07918 0.6494354606 2.3517167568    0.649 -0.389  3.7592  4.629    1  0.000  0.543     0.00     0.00     0.00     0.00     0.00 -1 -2.04e-14      0.00 8.145e-01 1.854e-01 2.254e-05 6.096e-06 5.539e-05 -1.000 1.116e-04 5.744 8.050 7.640 6.882 6.047 6.443 6.487 6.225 5.967 5.727 5.581 5.200 5.151 4.897 4.798 4.670 4.521 4.381
0.00015547 -2.00000 10.07918 0.6499999762 2.3520355225    0.650 -0.387  3.7595  4.628    1  0.000  0.543     0.00     0.00     0.00     0.00     0.00 -1  -3.1e-14      0.00 8.147e-01 1.851e-01 2.252e-05 6.090e-06 5.533e-05 -1.000 1.561e-04 5.737 8.032 7.624 6.869 6.037 6.434 6.479 6.218 5.960 5.721 5.575 5.194 5.145 4.892 4.793 4.665 4.516 4.376
0.00015547 -2.00000 10.07918 0.6588703394 2.3569593430    0.659 -0.345  3.7644  4.611    1  0.000  0.542     0.00     0.00     0.00     0.00     0.00 -1 -3.45e-14      0.00 8.190e-01 1.808e-01 2.207e-05 5.971e-06 5.426e-05 -1.000 1.637e-04 5.633 7.779 7.395 6.682 5.896 6.301 6.354 6.101 5.851 5.617 5.475 5.102 5.055 4.809 4.711 4.585 4.438 4.300
0.00015547 -2.00000 10.07918 0.6690781713 2.3624401093    0.669 -0.297  3.7698  4.591    1  0.000  0.542     0.00     0.00     0.00     0.00     0.00 -1 -3.92e-14      0.00 8.243e-01 1.756e-01 2.153e-05 5.825e-06 5.296e-05 -1.000 1.512e-04 5.512 7.495 7.137 6.469 5.733 6.148 6.208 5.965 5.723 5.497 5.358 4.995 4.949 4.711 4.614 4.490 4.346 4.211
0.00015547 -2.00000 10.07918 0.6787885427 2.3674783707    0.679 -0.250  3.7749  4.571    1  0.000  0.541     0.00     0.00     0.00     0.00     0.00 -1 -3.25e-14      0.00 8.296e-01 1.702e-01 2.097e-05 5.678e-06 5.164e-05 -1.000 1.357e-04 5.394 7.240 6.903 6.274 5.582 6.003 6.069 5.835 5.601 5.380 5.244 4.890 4.846 4.614 4.520 4.397 4.255 4.122
0.00015547 -2.00000 10.07918 0.6880588531 2.3721358776    0.688 -0.203  3.7798  4.550    1  0.000  0.541     0.00     0.00     0.00     0.00     0.00 -1  -1.5e-14      0.00 8.351e-01 1.648e-01 2.041e-05 5.528e-06 5.029e-05 -1.000 1.145e-04 5.278 6.998 6.679 6.086 5.435 5.862 5.933 5.707 5.480 5.265 5.133 4.786 4.744 4.519 4.426 4.305 4.165 4.034
0.00015547 -2.00000 10.07918 0.6962858438 2.3761501312    0.696 -0.160  3.7840  4.529    1  0.000  0.541     0.00     0.00     0.00     0.00     0.00 -1 -5.49e-15      0.00 8.401e-01 1.597e-01 1.988e-05 5.388e-06 4.903e-05 -1.000 1.185e-04 5.171 6.792 6.488 5.924 5.306 5.736 5.809 5.590 5.370 5.160 5.030 4.692 4.650 4.432 4.340 4.221 4.082 3.954
0.00015547 -2.00000 10.07918 0.6999999881 2.3779268265    0.700 -0.141  3.7859  4.519    1  0.000  0.540     0.00     0.00     0.00     0.00     0.00 -1 -5.95e-14      0.00 8.425e-01 1.574e-01 1.964e-05 5.322e-06 4.844e-05 -1.000 1.276e-04 5.122 6.700 6.403 5.850 5.248 5.678 5.753 5.537 5.319 5.112 4.984 4.648 4.607 4.391 4.300 4.182 4.044 3.917
0.00015547 -2.00000 10.07918 0.7091768384 2.3822250366    0.709 -0.090  3.7903  4.492    1  0.000  0.538     0.00     0.00     0.00     0.00     0.00 -1 -6.85e-14      0.00 8.478e-01 1.521e-01 1.909e-05 5.189e-06 4.727e-05 -1.000 1.202e-04 4.996 6.475 6.192 5.669 5.101 5.531 5.608 5.400 5.188 4.986 4.862 4.534 4.494 4.285 4.195 4.078 3.943 3.818
0.00015547 -2.00000 10.07918 0.7176503539 2.3860819340    0.717 -0.041  3.7943  4.464    1  0.000  0.537     0.00     0.00     0.00     0.00     0.00 -1 -7.87e-14      0.00 8.522e-01 1.477e-01 1.864e-05 5.082e-06 4.633e-05 -1.000 1.276e-04 4.873 6.273 6.002 5.503 4.965 5.392 5.469 5.267 5.061 4.864 4.742 4.422 4.384 4.180 4.091 3.977 3.844 3.722
0.00015547 -2.00000 10.07918 0.7260162234 2.3897883892    0.726  0.010  3.7982  4.434    1  0.000  0.535     0.00     0.00     0.00     0.00     0.00 -1 -9.12e-14      0.00 8.561e-01 1.438e-01 1.826e-05 4.991e-06 4.554e-05 -1.000 7.713e-05 4.745 6.070 5.811 5.335 4.825 5.247 5.325 5.129 4.929 4.737 4.618 4.304 4.267 4.069 3.982 3.869 3.738 3.619
0.00015547 -2.00000 10.07918 0.7332008481 2.3928937912    0.733  0.057  3.8015  4.404    1  0.000  0.533     0.00     0.00     0.00     0.00     0.00 -1 -1.04e-13      0.00 8.591e-01 1.408e-01 1.799e-05 4.928e-06 4.500e-05 -1.000 8.076e-05 4.629 5.896 5.647 5.189 4.702 5.118 5.194 5.004 4.808 4.620 4.503 4.196 4.160 3.966 3.881 3.769 3.641 3.523
0.00015547 -2.00000 10.07918 0.7401607633 2.3958363533    0.740  0.105  3.8046  4.373    1  0.000  0.531     0.00     0.00     0.00     0.00     0.00 -1 -1.07e-13      0.00 8.617e-01 1.382e-01 1.776e-05 4.876e-06 4.455e-05 -1.000 1.358e-04 4.508 5.728 5.486 5.045 4.578 4.986 5.061 4.875 4.684 4.500 4.385 4.083 4.048 3.858 3.774 3.664 3.538 3.423
0.00015547 -2.00000 10.07918 0.7471207976 2.3987157345    0.746  0.157  3.8075  4.336    1  0.000  0.530     0.00     0.00     0.00     0.00     0.00 -1 -1.72e-14      0.00 8.640e-01 1.358e-01 1.756e-05 4.831e-06 4.417e-05 -1.000 1.519e-04 4.379 5.554 5.320 4.895 4.447 4.845 4.918 4.737 4.550 4.370 4.257 3.960 3.926 3.741 3.658 3.549 3.425 3.313
0.00015547 -2.00000 10.07918 0.7500000000 2.3998889923    0.749  0.179  3.8086  4.321    1  0.000  0.529     0.00     0.00     0.00     0.00     0.00 -1  -1.5e-13      0.00 8.650e-01 1.349e-01 1.748e-05 4.814e-06 4.402e-05 -1.000 1.608e-04 4.323 5.481 5.251 4.832 4.391 4.785 4.858 4.678 4.493 4.314 4.202 3.907 3.874 3.690 3.608 3.500 3.377 3.265
0.00015547 -2.00000 10.07918 0.7513623834 2.4004404545    0.751  0.189  3.8093  4.313    1  0.000  0.529     0.00     0.00     0.00     0.00     0.00 -1 -1.55e-13      0.00 8.651e-01 1.348e-01 1.749e-05 4.816e-06 4.404e-05 -1.000 1.618e-04 4.297 5.446 5.217 4.801 4.364 4.756 4.829 4.650 4.466 4.288 4.176 3.883 3.849 3.667 3.585 3.477 3.354 3.243
0.00015547 -2.00000 10.07918 0.7594360113 2.4036624432    0.759  0.258  3.8126  4.262    1  0.000  0.529     0.00     0.00     0.00     0.00     0.00 -1 -1.92e-13      0.00 8.656e-01 1.343e-01 1.753e-05 4.830e-06 4.419e-05 -1.000 6.492e-05 4.124 5.231 5.010 4.611 4.195 4.571 4.640 4.466 4.287 4.113 4.005 3.717 3.685 3.507 3.427 3.321 3.201 3.093
0.00015547 -2.00000 10.07918 0.7647926807 2.4057569504    0.764  0.308  3.8146  4.223    1  0.000  0.529     0.00     0.00     0.00     0.00     0.00 -1 -2.24e-13      0.00 8.658e-01 1.341e-01 1.756e-05 4.841e-06 4.430e-05 -1.000 9.665e-05 3.999 5.087 4.870 4.480 4.073 4.439 4.505 4.335 4.158 3.987 3.880 3.596 3.564 3.389 3.310 3.205 3.087 2.980
0.00015547 -2.00000 10.07918 0.7698709965 2.4077117443    0.769  0.358  3.8160  4.182    1  0.000  0.528     0.00     0.00     0.00     0.00     0.00 -1 -2.63e-13      0.00 8.649e-01 1.350e-01 1.770e-05 4.881e-06 4.467e-05 -1.000 1.000e-04 3.874 4.949 4.736 4.352 3.953 4.308 4.372 4.204 4.030 3.860 3.754 3.474 3.442 3.269 3.191 3.087 2.970 2.865
0.00015547 -2.00000 10.07918 0.7740224004 2.4092876911    0.773  0.402  3.8166  4.142    1  0.000  0.528     0.00     0.00     0.00     0.00     0.00 -1 -3.05e-13      0.00 8.638e-01 1.361e-01 1.786e-05 4.923e-06 4.506e-05 -1.000 9.993e-05 3.764 4.837 4.625 4.244 3.849 4.195 4.257 4.090 3.917 3.749 3.643 3.364 3.333 3.161 3.083 2.979 2.863 2.759
0.00015547 -2.00000 10.07918 0.7756054401 2.4098837376    0.774  0.421  3.8163  4.123    1  0.000  0.528     0.00     0.00     0.00     0.00     0.00 -1 -3.26e-13      0.00 8.634e-01 1.365e-01 1.792e-05 4.939e-06 4.520e-05 -1.000 1.000e-04 3.717 4.794 4.582 4.201 3.804 4.148 4.210 4.042 3.869 3.701 3.595 3.316 3.284 3.112 3.034 2.930 2.814 2.710
0.00015547 -2.00000 10.07918 0.7799062133 2.4114885330    0.779  0.476  3.8145  4.063    1  0.000  0.528     0.00     0.00     0.00     0.00     0.00 -1 -3.93e-13      0.00 8.622e-01 1.377e-01 1.807e-05 4.983e-06 4.561e-05 -1.000 9.997e-05 3.579 4.683 4.469 4.082 3.678 4.015 4.074 3.906 3.731 3.561 3.455 3.173 3.141 2.966 2.887 2.783 2.666 2.560
0.00015547 -2.00000 10.07918 0.7829150558 2.4125993252    0.782  0.520  3.8118  4.010    1  0.000  0.528     0.00     0.00     0.00     0.00     0.00 -1 -4.61e-13      0.00 8.614e-01 1.385e-01 1.818e-05 5.013e-06 4.588e-05 -1.000 1.000e-04 3.470 4.611 4.392 3.995 3.579 3.913 3.973 3.801 3.624 3.452 3.344 3.058 3.025 2.846 2.766 2.660 2.541 2.433
0.00015547 -2.00000 10.07918 0.7835566401 2.4128348827    0.782  0.530  3.8110  3.997    1  0.000  0.528     0.00     0.00     0.00     0.00     0.00 -1  -4.8e-13      0.00 8.613e-01 1.386e-01 1.821e-05 5.020e-06 4.594e-05 -1.000 9.993e-05 3.445 4.597 4.377 3.976 3.557 3.891 3.950 3.778 3.600 3.427 3.318 3.031 2.998 2.818 2.737 2.631 2.511 2.403
0.00015547 -2.00000 10.07918 0.7841680050 2.4130589962    0.783  0.541  3.8098  3.982    2  0.000  0.528     0.00     0.00     0.00     0.00     0.00 -1 -5.01e-13      0.00 8.611e-01 1.388e-01 1.823e-05 5.026e-06 4.600e-05 -1.000 9.993e-05 3.419 4.588 4.365 3.960 3.533 3.868 3.927 3.754 3.574 3.400 3.290 3.001 2.968 2.786 2.705 2.598 2.478 2.368
0.00015547 -2.00000 10.07918 0.7862255573 2.4138100147    0.785  0.580  3.8044  3.923    2  0.000  0.528     0.00     0.00     0.00     0.00     0.00 -1 -5.84e-13      0.00 8.606e-01 1.393e-01 1.831e-05 5.047e-06 4.619e-05 -1.000 9.996e-05 3.321 4.576 4.341 3.910 3.453 3.788 3.847 3.667 3.481 3.301 3.188 2.891 2.856 2.666 2.583 2.473 2.349 2.236
0.00015547 -2.00000 10.07918 0.7878014445 2.4143824577    0.786  0.615  3.7978  3.862    2  0.000  0.528     0.00     0.00     0.00     0.00     0.00 -1 -6.79e-13      0.00 8.601e-01 1.398e-01 1.836e-05 5.063e-06 4.634e-05 -1.000 9.993e-05 3.233 4.595 4.344 3.880 3.386 3.724 3.783 3.594 3.400 3.213 3.096 2.788 2.751 2.551 2.465 2.352 2.223 2.105
0.00015547 -2.00000 10.07918 0.7890366316 2.4148290157    0.787  0.647  3.7899  3.799    2  0.000  0.528     0.00     0.00     0.00     0.00     0.00 -1 -7.85e-13      0.00 8.597e-01 1.402e-01 1.843e-05 5.082e-06 4.651e-05 -1.000 1.065e-04 3.153 4.648 4.376 3.873 3.333 3.674 3.733 3.533 3.330 3.133 3.012 2.690 2.651 2.440 2.350 2.233 2.098 1.974
0.00015547 -2.00000 10.07918 0.7900331020 2.4151883125    0.788  0.676  3.7812  3.736    2  0.000  0.529     0.00     0.00     0.00     0.00     0.00 -1 -9.02e-13      0.00 8.557e-01 1.442e-01 1.888e-05 5.202e-06 4.760e-05 -1.000 9.391e-05 3.080 4.733 4.437 3.887 3.294 3.639 3.695 3.484 3.269 3.062 2.935 2.598 2.557 2.332 2.239 2.118 1.977 1.847
0.00015547 -2.00000 10.07918 0.7908694744 2.4154889584    0.789  0.703  3.7727  3.675    2  0.000  0.530     0.00     0.00     0.00     0.00     0.00 -1 -1.03e-12      0.00 8.390e-01 1.609e-01 2.054e-05 5.653e-06 5.166e-05 -1.000 8.826e-05 3.012 4.848 4.524 3.920 3.267 3.612 3.664 3.439 3.212 2.996 2.863 2.513 2.468 2.231 2.134 2.009 1.863 1.727
0.00015547 -2.00000 10.07918 0.7916075587 2.4157536030    0.790  0.731  3.7648  3.616    2  0.000  0.533     0.00     0.00     0.00     0.00     0.00 -1 -1.18e-12      0.00 8.110e-01 1.888e-01 2.322e-05 6.372e-06 5.809e-05 -1.000 1.181e-04 2.943 4.962 4.608 3.951 3.240 3.583 3.629 3.392 3.155 2.930 2.792 2.428 2.381 2.132 2.032 1.903 1.751 1.610
0.00015547 -2.00000 10.07918 0.7922626138 2.4159882069    0.791  0.761  3.7578  3.558    2  0.000  0.535     0.00     0.00     0.00     0.00     0.00 -1 -1.35e-12      0.00 7.921e-01 2.078e-01 2.501e-05 6.849e-06 6.236e-05 -1.000 1.167e-04 2.866 5.059 4.678 3.971 3.206 3.545 3.586 3.338 3.090 2.857 2.714 2.338 2.289 2.029 1.926 1.794 1.638 1.492
0.00015547 -2.00000 10.07918 0.7929115295 2.4162199497    0.791  0.801  3.7514  3.493    2  0.000  0.536     0.00     0.00     0.00     0.00     0.00 -1 -1.58e-12      0.00 7.808e-01 2.191e-01 2.608e-05 7.137e-06 6.492e-05 -1.000 1.547e-04 2.768 5.126 4.719 3.965 3.151 3.485 3.519 3.260 3.003 2.762 2.616 2.229 2.178 1.908 1.802 1.667 1.508 1.357
0.00015547 -2.00000 10.07918 0.7934238315 2.4164028168    0.792  0.839  3.7473  3.438    2  0.000  0.536     0.00     0.00     0.00     0.00     0.00 -1 -1.85e-12      0.00 7.753e-01 2.245e-01 2.660e-05 7.275e-06 6.616e-05 -1.000 1.636e-04 2.672 5.151 4.724 3.936 3.087 3.414 3.443 3.177 2.914 2.669 2.519 2.125 2.072 1.796 1.688 1.551 1.389 1.236
0.00015547 -2.00000 10.07918 0.7937740684 2.4165275097    0.792  0.869  3.7448  3.399    2  0.000  0.536     0.00     0.00     0.00     0.00     0.00 -1 -2.07e-12      0.00 7.725e-01 2.273e-01 2.686e-05 7.346e-06 6.679e-05 -1.000 1.637e-04 2.598 5.153 4.713 3.904 3.034 3.356 3.382 3.112 2.845 2.597 2.445 2.046 1.994 1.713 1.604 1.466 1.302 1.148
0.00015547 -2.00000 10.07918 0.7940821648 2.4166371822    0.792  0.899  3.7431  3.362    3  0.000  0.536     0.00     0.00     0.00     0.00     0.00 -1 -2.31e-12      0.00 7.707e-01 2.291e-01 2.703e-05 7.388e-06 6.717e-05 -1.000 1.448e-04 2.523 5.128 4.680 3.858 2.974 3.292 3.316 3.043 2.774 2.523 2.371 1.969 1.916 1.632 1.523 1.384 1.219 1.063
0.00015547 -2.00000 10.07918 0.7944860458 2.4167807102    0.793  0.940  3.7410  3.313    3  0.000  0.537     0.00     0.00     0.00     0.00     0.00 -1 -2.68e-12      0.00 7.685e-01 2.313e-01 2.721e-05 7.437e-06 6.760e-05 -1.000 1.424e-04 2.420 5.087 4.629 3.790 2.889 3.203 3.224 2.947 2.676 2.423 2.269 1.864 1.809 1.522 1.412 1.272 1.106 0.948
0.00015547 -2.00000 10.07918 0.7948929667 2.4169251919    0.793  0.984  3.7391  3.262    3  0.000  0.537     0.00     0.00     0.00     0.00     0.00 -1 -3.15e-12      0.00 7.666e-01 2.333e-01 2.736e-05 7.477e-06 6.796e-05 -1.000 1.407e-04 2.311 5.036 4.568 3.713 2.798 3.106 3.124 2.845 2.570 2.315 2.160 1.752 1.697 1.406 1.295 1.154 0.986 0.827
0.00015547 -2.00000 10.07918 0.7952827215 2.4170634747    0.793  1.028  3.7374  3.211    3  0.000  0.537     0.00     0.00     0.00     0.00     0.00 -1  -3.7e-12      0.00 7.648e-01 2.350e-01 2.747e-05 7.509e-06 6.825e-05 -1.000 1.624e-04 2.199 4.977 4.501 3.633 2.703 3.007 3.021 2.739 2.462 2.205 2.050 1.638 1.583 1.289 1.177 1.034 0.865 0.705
0.00015547 -2.00000 10.07918 0.7956970334 2.4172103405    0.793  1.079  3.7356  3.153    3  0.000  0.537     0.00     0.00     0.00     0.00     0.00 -1 -4.44e-12      0.00 7.631e-01 2.367e-01 2.758e-05 7.539e-06 6.851e-05 -1.000 1.637e-04 2.072 4.906 4.421 3.538 2.595 2.892 2.904 2.619 2.339 2.081 1.924 1.510 1.454 1.156 1.043 0.900 0.729 0.567
0.00015547 -2.00000 10.07918 0.7960445881 2.4173333645    0.794  1.125  3.7341  3.102    3  0.000  0.537     0.00     0.00     0.00     0.00     0.00 -1 -5.23e-12      0.00 7.617e-01 2.381e-01 2.766e-05 7.561e-06 6.870e-05 -1.000 1.636e-04 1.958 4.838 4.346 3.451 2.496 2.788 2.797 2.510 2.229 1.968 1.811 1.394 1.338 1.037 0.923 0.779 0.606 0.443
0.00015547 -2.00000 10.07918 0.7963963151 2.4174578190    0.794  1.175  3.7326  3.046    3  0.000  0.537     0.00     0.00     0.00     0.00     0.00 -1 -6.26e-12      0.00 7.603e-01 2.395e-01 2.772e-05 7.580e-06 6.887e-05 -1.000 1.464e-04 1.834 4.760 4.262 3.353 2.387 2.674 2.681 2.391 2.108 1.846 1.687 1.268 1.211 0.908 0.793 0.648 0.474 0.309
0.00015547 -2.00000 10.07918 0.7967413664 2.4175796509    0.794  1.228  3.7310  2.986    3  0.000  0.536     0.00     0.00     0.00     0.00     0.00 -1 -7.57e-12      0.00 7.590e-01 2.409e-01 2.777e-05 7.599e-06 6.902e-05 -1.000 1.506e-04 1.701 4.679 4.172 3.250 2.271 2.553 2.556 2.264 1.979 1.715 1.556 1.134 1.076 0.770 0.654 0.508 0.332 0.165
0.00015547 -2.00000 10.07918 0.7970198989 2.4176778793    0.794  1.275  3.7295  2.934    3  0.000  0.536     0.00     0.00     0.00     0.00     0.00 -1 -8.96e-12      0.00 7.579e-01 2.420e-01 2.779e-05 7.616e-06 6.912e-05 -1.000 1.616e-04 1.584 4.612 4.097 3.162 2.171 2.445 2.447 2.152 1.865 1.600 1.439 1.015 0.957 0.648 0.531 0.384 0.207 0.039
0.00015547 -2.00000 10.07918 0.7972885370 2.4177725315    0.794  1.324  3.7280  2.879    3  0.000  0.535     0.00     0.00     0.00     0.00     0.00 -1 -1.07e-11      0.00 7.569e-01 2.430e-01 2.779e-05 7.634e-06 6.921e-05 -1.000 1.638e-04 1.461 4.544 4.020 3.071 2.066 2.334 2.332 2.034 1.745 1.479 1.318 0.891 0.832 0.521 0.403 0.255 0.077 -0.093
0.00015547 -2.00000 10.07918 0.7975298762 2.4178576469    0.795  1.372  3.7266  2.825    3  0.000  0.535     0.00     0.00     0.00     0.00     0.00 -1 -1.27e-11      0.00 7.560e-01 2.438e-01 2.777e-05 7.655e-06 6.928e-05 -1.000 1.633e-04 1.341 4.478 3.945 2.982 1.964 2.225 2.220 1.920 1.628 1.360 1.199 0.769 0.710 0.396 0.277 0.129 -0.051 -0.222
0.00015547 -2.00000 10.07918 0.7977485657 2.4179346561    0.795  1.419  3.7250  2.771    3  0.000  0.534     0.00     0.00     0.00     0.00     0.00 -1 -1.51e-11      0.00 7.553e-01 2.445e-01 2.775e-05 7.681e-06 6.934e-05 -1.000 1.621e-04 1.222 4.415 3.873 2.896 1.864 2.117 2.109 1.807 1.513 1.244 1.081 0.649 0.590 0.272 0.153 0.003 -0.177 -0.349
0.00015547 -2.00000 10.07918 0.7979442477 2.4180035591    0.795  1.466  3.7236  2.719    3  0.000  0.533     0.00     0.00     0.00     0.00     0.00 -1 -1.78e-11      0.00 7.547e-01 2.451e-01 2.771e-05 7.708e-06 6.938e-05 -1.000 1.628e-04 1.106 4.351 3.801 2.810 1.764 2.012 2.001 1.696 1.401 1.129 0.966 0.532 0.471 0.151 0.031 -0.119 -0.301 -0.475
0.00015547 -2.00000 10.07918 0.7981293797 2.4180686474    0.795  1.514  3.7220  2.664    3  0.000  0.532     0.00     0.00     0.00     0.00     0.00 -1 -2.12e-11      0.00 7.542e-01 2.456e-01 2.768e-05 7.739e-06 6.941e-05 -1.000 1.636e-04 0.985 4.286 3.726 2.720 1.661 1.903 1.889 1.581 1.284 1.011 0.847 0.410 0.349 0.026 -0.095 -0.246 -0.430 -0.605
0.00015547 -2.00000 10.07918 0.7982938290 2.4181263447    0.795  1.561  3.7204  2.611    3  0.000  0.531     0.00     0.00     0.00     0.00     0.00 -1 -2.51e-11      0.00 7.539e-01 2.460e-01 2.764e-05 7.768e-06 6.944e-05 -1.000 1.637e-04 0.868 4.225 3.655 2.635 1.562 1.797 1.781 1.471 1.171 0.896 0.731 0.291 0.230 -0.095 -0.217 -0.370 -0.555 -0.731
0.00015547 -2.00000 10.07918 0.7984399796 2.4181778431    0.795  1.606  3.7189  2.559    3  0.000  0.531     0.00     0.00     0.00     0.00     0.00 -1 -2.96e-11      0.00 7.536e-01 2.462e-01 2.762e-05 7.790e-06 6.945e-05 -1.000 1.636e-04 0.754 4.170 3.590 2.554 1.466 1.696 1.676 1.363 1.061 0.785 0.619 0.177 0.115 -0.214 -0.337 -0.490 -0.676 -0.855
0.00015547 -2.00000 10.07918 0.7985723615 2.4182243347    0.794  1.651  3.7174  2.508    3  0.000  0.530     0.00     0.00     0.00     0.00     0.00 -1 -3.48e-11      0.00 7.535e-01 2.463e-01 2.760e-05 7.803e-06 6.946e-05 -1.000 1.627e-04 0.642 4.116 3.526 2.475 1.373 1.596 1.574 1.258 0.953 0.675 0.508 0.064 0.001 -0.330 -0.454 -0.608 -0.796 -0.976
0.00015547 -2.00000 10.07918 0.7986964583 2.4182677269    0.794  1.697  3.7157  2.456    3  0.000  0.530     0.00     0.00     0.00     0.00     0.00 -1 -4.11e-11      0.00 7.534e-01 2.464e-01 2.759e-05 7.811e-06 6.947e-05 -1.000 1.636e-04 0.528 4.080 3.477 2.405 1.283 1.496 1.470 1.150 0.843 0.563 0.395 -0.053 -0.115 -0.450 -0.575 -0.730 -0.919 -1.100
0.00015547 -2.00000 10.07918 0.7988060713 2.4183063507    0.794  1.741  3.7141  2.405    3  0.000  0.530     0.00     0.00     0.00     0.00     0.00 -1 -4.82e-11      0.00 7.534e-01 2.464e-01 2.759e-05 7.815e-06 6.947e-05 -1.000 1.637e-04 0.417 4.048 3.433 2.340 1.198 1.401 1.370 1.047 0.737 0.455 0.286 -0.165 -0.228 -0.566 -0.691 -0.847 -1.038 -1.220
0.00015547 -2.00000 10.07918 0.7989073396 2.4183418751    0.794  1.785  3.7126  2.355    3  0.000  0.530     0.00     0.00     0.00     0.00     0.00 -1 -5.66e-11      0.00 7.534e-01 2.465e-01 2.759e-05 7.816e-06 6.948e-05 -1.000 1.637e-04 0.307 4.014 3.387 2.274 1.111 1.305 1.270 0.943 0.630 0.346 0.176 -0.277 -0.341 -0.682 -0.808 -0.965 -1.157 -1.341
0.00015547 -2.00000 10.07918 0.7990002632 2.4183745384    0.794  1.829  3.7109  2.304    3  0.000  0.530     0.00     0.00     0.00     0.00     0.00 -1 -6.64e-11      0.00 7.534e-01 2.465e-01 2.759e-05 7.816e-06 6.948e-05 -1.000 1.637e-04 0.197 3.985 3.345 2.210 1.026 1.211 1.171 0.840 0.525 0.239 0.067 -0.389 -0.453 -0.797 -0.924 -1.082 -1.276 -1.461
0.00015547 -2.00000 10.07918 0.7990828753 2.4184033871    0.794  1.872  3.7093  2.255    3  0.000  0.530     0.00     0.00     0.00     0.00     0.00 -1 -5.75e-11      0.00 7.534e-01 2.465e-01 2.759e-05 7.816e-06 6.948e-05 -1.000 1.636e-04 0.091 3.960 3.307 2.150 0.946 1.121 1.077 0.742 0.423 0.135 -0.037 -0.496 -0.561 -0.908 -1.036 -1.195 -1.390 -1.577
0.00015547 -2.00000 10.07918 0.7991592288 2.4184300900    0.793  1.914  3.7078  2.207    3  0.000  0.530     0.00     0.00     0.00     0.00     0.00 -1 -5.83e-11      0.00 7.534e-01 2.465e-01 2.759e-05 7.817e-06 6.948e-05 -1.000 1.636e-04 -0.015 3.938 3.272 2.092 0.866 1.032 0.983 0.644 0.323 0.033 -0.141 -0.603 -0.669 -1.018 -1.147 -1.307 -1.504 -1.692
0.00015547 -2.00000 10.07918 0.7992325425 2.4184558392    0.793  1.958  3.7061  2.156    3  0.000  0.530     0.00     0.00     0.00     0.00     0.00 -1 -6.86e-11      0.00 7.534e-01 2.465e-01 2.759e-05 7.817e-06 6.948e-05 -1.000 1.637e-04 -0.124 3.918 3.237 2.033 0.785 0.941 0.887 0.544 0.219 -0.073 -0.248 -0.714 -0.780 -1.133 -1.263 -1.424 -1.622 -1.812
0.00015547 -2.00000 10.07918 0.7992953062 2.4184777737    0.793  1.998  3.7045  2.109    3  0.000  0.530     0.00     0.00     0.00     0.00     0.00 -1 -8.22e-11      0.00 7.534e-01 2.465e-01 2.759e-05 7.817e-06 6.948e-05 -1.000 1.636e-04 -0.225 3.902 3.207 1.980 0.710 0.857 0.798 0.451 0.123 -0.172 -0.348 -0.816 -0.883 -1.239 -1.370 -1.532 -1.731 -1.923
0.00015547 -2.00000 10.07918 0.7993533611 2.4184982777    0.792  2.038  3.7029  2.063    3  0.000  0.530     0.00     0.00     0.00     0.00     0.00 -1 -9.82e-11      0.00 7.533e-01 2.465e-01 2.759e-05 7.818e-06 6.948e-05 -1.000 1.636e-04 -0.325 3.885 3.176 1.926 0.635 0.773 0.710 0.359 0.028 -0.269 -0.446 -0.917 -0.985 -1.344 -1.476 -1.639 -1.840 -2.033
0.00015547 -2.00000 10.07918 0.7994087934 2.4185175896    0.792  2.079  3.7013  2.015    3  0.000  0.530     0.00     0.00     0.00     0.00     0.00 -1 -1.18e-10      0.00 7.533e-01 2.465e-01 2.759e-05 7.818e-06 6.948e-05 -1.000 1.636e-04 -0.428 3.868 3.145 1.872 0.559 0.688 0.620 0.265 -0.070 -0.369 -0.547 -1.021 -1.089 -1.452 -1.584 -1.748 -1.951 -2.146
0.00015547 -2.00000 10.07918 0.7994572520 2.4185345173    0.792  2.117  3.6997  1.970    3  0.000  0.530     0.00     0.00     0.00     0.00     0.00 -1 -1.39e-10      0.00 7.533e-01 2.465e-01 2.759e-05 7.818e-06 6.948e-05 -1.000 1.637e-04 -0.523 3.870 3.132 1.832 0.494 0.612 0.539 0.179 -0.159 -0.461 -0.640 -1.118 -1.186 -1.552 -1.686 -1.851 -2.055 -2.251
0.00015547 -2.00000 10.07918 0.7995026112 2.4185504913    0.791  2.155  3.6982  1.926    3  0.000  0.530     0.00     0.00     0.00     0.00     0.00 -1 -1.63e-10      0.00 7.533e-01 2.465e-01 2.759e-05 7.818e-06 6.949e-05 -1.000 1.636e-04 -0.617 3.874 3.122 1.796 0.433 0.538 0.459 0.094 -0.247 -0.551 -0.732 -1.213 -1.282 -1.650 -1.785 -1.951 -2.156 -2.354
0.00015547 -2.00000 10.07918 0.7995497584 2.4185669422    0.791  2.189  3.6968  1.886    3  0.000  0.530     0.00     0.00     0.00     0.00     0.00 -1 -1.91e-10      0.00 7.533e-01 2.465e-01 2.759e-05 7.819e-06 6.949e-05 -1.000 1.636e-04 -0.704 3.877 3.113 1.763 0.375 0.468 0.384 0.015 -0.329 -0.635 -0.817 -1.301 -1.370 -1.742 -1.877 -2.044 -2.250 -2.449
0.00015547 -2.00000 10.07918 0.7996020913 2.4185853004    0.790  2.219  3.6956  1.851    3  0.000  0.530     0.00     0.00     0.00     0.00     0.00 -1  -2.2e-10      0.00 7.533e-01 2.465e-01 2.759e-05 7.819e-06 6.949e-05 -1.000 1.637e-04 -0.778 3.880 3.105 1.734 0.326 0.410 0.321 -0.052 -0.399 -0.707 -0.890 -1.376 -1.446 -1.820 -1.956 -2.123 -2.331 -2.531
0.00015547 -2.00000 10.07918 0.7996307611 2.4185953140    0.790  2.211  3.6962  1.861    3  0.000  0.530     0.00     0.00     0.00     0.00     0.00 -1 -2.19e-10      0.00 7.533e-01 2.465e-01 2.759e-05 7.819e-06 6.949e-05 -1.000 1.636e-04 -0.758 3.866 3.096 1.734 0.335 0.422 0.335 -0.036 -0.382 -0.688 -0.871 -1.355 -1.425 -1.798 -1.934 -2.101 -2.308 -2.508
0.00015547 -2.00000 10.07918 0.7996371984 2.4185976982    0.790  2.218  3.6959  1.853    3  0.000  0.530     0.00     0.00     0.00     0.00     0.00 -1 -2.24e-10      0.00 7.533e-01 2.465e-01 2.759e-05 7.819e-06 6.949e-05 -1.000 1.636e-04 -0.775 3.869 3.096 1.729 0.325 0.409 0.321 -0.051 -0.398 -0.705 -0.888 -1.373 -1.443 -1.816 -1.952 -2.119 -2.327 -2.527
0.00015547 -2.00000 10.07918 0.7996729612 2.4186100960    0.789  2.259  3.6941  1.804    3  0.000  0.530     0.00     0.00     0.00     0.00     0.00 -1 -2.64e-10      0.00 7.533e-01 2.465e-01 2.759e-05 7.819e-06 6.949e-05 -1.000 1.636e-04 -0.878 3.882 3.093 1.695 0.260 0.330 0.235 -0.143 -0.494 -0.803 -0.988 -1.477 -1.548 -1.925 -2.062 -2.230 -2.439 -2.641
0.00015547 -2.00000 10.07918 0.7997089624 2.4186227322    0.788  2.303  3.6923  1.753    3  0.000  0.530     0.00     0.00     0.00     0.00     0.00 -1 -3.16e-10      0.00 7.533e-01 2.465e-01 2.759e-05 7.819e-06 6.949e-05 -1.000 1.636e-04 -0.988 3.887 3.082 1.653 0.187 0.244 0.142 -0.241 -0.596 -0.909 -1.095 -1.588 -1.659 -2.040 -2.178 -2.347 -2.558 -2.762
0.00015547 -2.00000 10.07918 0.7997395992 2.4186334610    0.788  2.343  3.6904  1.705    3  0.000  0.530     0.00     0.00     0.00     0.00     0.00 -1 -3.72e-10      0.00 7.533e-01 2.465e-01 2.759e-05 7.819e-06 6.949e-05 -1.000 1.636e-04 -1.087 3.905 3.084 1.624 0.126 0.169 0.061 -0.329 -0.688 -1.004 -1.192 -1.688 -1.760 -2.145 -2.284 -2.454 -2.667 -2.872
0.00015547 -2.00000 10.07918 0.7997697592 2.4186439514    0.787  2.384  3.6885  1.656    3  0.000  0.530     0.00     0.00     0.00     0.00     0.00 -1 -4.42e-10      0.00 7.533e-01 2.465e-01 2.759e-05 7.820e-06 6.949e-05 -1.000 1.636e-04 -1.191 3.924 3.089 1.595 0.065 0.092 -0.024 -0.420 -0.784 -1.103 -1.292 -1.793 -1.866 -2.254 -2.395 -2.566 -2.781 -2.988
0.00015547 -2.00000 10.07918 0.7997978330 2.4186537266    0.786  2.426  3.6868  1.607    3  0.000  0.530     0.00     0.00     0.00     0.00     0.00 -1 -5.23e-10      0.00 7.533e-01 2.465e-01 2.759e-05 7.820e-06 6.949e-05 -1.000 1.636e-04 -1.295 3.939 3.091 1.565 0.002 0.014 -0.109 -0.512 -0.881 -1.203 -1.393 -1.898 -1.971 -2.364 -2.505 -2.678 -2.894 -3.104
0.00015547 -2.00000 10.07918 0.7998224497 2.4186625481    0.786  2.465  3.6848  1.559    3  0.000  0.530     0.00     0.00     0.00     0.00     0.00 -1 -6.14e-10      0.00 7.533e-01 2.465e-01 2.759e-05 7.820e-06 6.949e-05 -1.000 1.636e-04 -1.393 3.946 3.097 1.559 -0.041 -0.049 -0.183 -0.595 -0.970 -1.296 -1.488 -1.997 -2.071 -2.467 -2.610 -2.784 -3.003 -3.214
0.00015547 -2.00000 10.07918 0.7998468280 2.4186708927    0.785  2.507  3.6829  1.510    3  0.000  0.530     6.52     5.22     3.72     2.87     2.32  3 -7.25e-10      0.00 7.533e-01 2.465e-01 2.759e-05 7.820e-06 6.949e-05 -1.000 1.636e-04 -1.497 3.927 3.091 1.566 -0.077 -0.111 -0.260 -0.684 -1.066 -1.396 -1.591 -2.103 -2.178 -2.579 -2.723 -2.898 -3.119 -3.332
0.00015547 -2.00000 10.07918 0.7998684645 2.4186785221    0.784  2.546  3.6811  1.462    3  0.000  0.530     7.21     5.69     4.03     3.12     2.52  3  -8.5e-10      0.00 7.533e-01 2.465e-01 2.759e-05 7.820e-06 6.949e-05 -1.000 1.636e-04 -1.596 3.918 3.099 1.584 -0.103 -0.165 -0.330 -0.766 -1.156 -1.491 -1.688 -2.205 -2.281 -2.685 -2.830 -3.006 -3.229 -3.445
0.00015547 -2.00000 10.07918 0.7998886704 2.4186856747    0.783  2.586  3.6792  1.414    3  0.000  0.530     7.98     6.20     4.38     3.39     2.74  3 -9.96e-10      0.00 7.533e-01 2.465e-01 2.759e-05 7.820e-06 6.949e-05 -1.000 1.636e-04 -1.695 3.915 3.117 1.612 -0.121 -0.214 -0.395 -0.845 -1.245 -1.584 -1.784 -2.306 -2.383 -2.791 -2.937 -3.115 -3.340 -3.557
0.00015547 -2.00000 10.07918 0.7999078631 2.4186923504    0.782  2.626  3.6773  1.366    3  0.000  0.530     8.83     6.76     4.76     3.69     2.99  3 -1.17e-09      0.00 7.533e-01 2.465e-01 2.759e-05 7.820e-06 6.949e-05 -1.000 1.636e-04 -1.795 3.912 3.139 1.643 -0.137 -0.261 -0.460 -0.925 -1.334 -1.679 -1.882 -2.409 -2.486 -2.898 -3.046 -3.225 -3.452 -3.671
0.00015547 -2.00000 10.07918 0.7999285460 2.4186995029    0.780  2.673  3.6749  1.309    3  0.000  0.530     9.96     7.49     5.24     4.07     3.30  3 -1.41e-09      0.00 7.533e-01 2.465e-01 2.759e-05 7.820e-06 6.949e-05 -1.000 1.636e-04 -1.911 3.922 3.183 1.699 -0.140 -0.305 -0.528 -1.013 -1.434 -1.787 -1.994 -2.528 -2.607 -3.024 -3.173 -3.353 -3.583 -3.805
0.00015547 -2.00000 10.07918 0.7999452353 2.4187054634    0.779  2.713  3.6729  1.260    3  0.000  0.530    11.04     8.18     5.70     4.44     3.59  3 -1.65e-09      0.00 7.533e-01 2.465e-01 2.759e-05 7.820e-06 6.949e-05 -1.000 1.636e-04 -2.012 3.929 3.220 1.744 -0.142 -0.342 -0.586 -1.089 -1.521 -1.881 -2.091 -2.632 -2.711 -3.132 -3.283 -3.464 -3.696 -3.920
0.00015547 -2.00000 10.07918 0.7999623418 2.4187114239    0.777  2.758  3.6705  1.205    3  0.000  0.530    12.41     9.04     6.27     4.89     3.96  2 -1.97e-09      0.00 7.533e-01 2.465e-01 2.759e-05 7.820e-06 6.949e-05 -1.000 1.636e-04 -2.124 3.954 3.284 1.816 -0.127 -0.370 -0.641 -1.168 -1.615 -1.984 -2.198 -2.747 -2.827 -3.254 -3.406 -3.589 -3.823 -4.049
0.00015547 -2.00000 10.07918 0.7999765277 2.4187164307    0.776  2.797  3.6686  1.157    3  0.000  0.530    13.73     9.85     6.81     5.31     4.30  2 -2.31e-09      0.00 7.533e-01 2.465e-01 2.759e-05 7.821e-06 6.949e-05 -1.000 1.637e-04 -2.223 3.967 3.331 1.871 -0.119 -0.399 -0.693 -1.239 -1.698 -2.075 -2.293 -2.848 -2.929 -3.361 -3.514 -3.698 -3.935 -4.163
0.00015547 -2.00000 10.07918 0.7999909520 2.4187214375    0.774  2.840  3.6661  1.102    3  0.000  0.530    15.40    10.86     7.48     5.84     4.73  2 -2.74e-09      0.00 7.533e-01 2.465e-01 2.759e-05 7.821e-06 6.949e-05 -1.000 1.637e-04 -2.331 4.005 3.419 1.971 -0.079 -0.409 -0.734 -1.307 -1.784 -2.171 -2.394 -2.958 -3.040 -3.478 -3.633 -3.819 -4.059 -4.289
0.00015547 -2.00000 10.07918 0.8000000119 2.4187245369    0.772  2.869  3.6647  1.067    3  0.000  0.530    16.60    11.58     7.94     6.21     5.03  2 -3.07e-09      0.00 7.533e-01 2.465e-01 2.759e-05 7.821e-06 6.949e-05 -1.000 1.636e-04 -2.404 4.019 3.462 2.022 -0.062 -0.422 -0.765 -1.356 -1.842 -2.236 -2.462 -3.032 -3.115 -3.556 -3.712 -3.899 -4.140 -4.372
0.00015547 -2.00000 10.07918 0.8000029922 2.4187254906    0.772  2.879  3.6642  1.055    3  0.000  0.530    17.01    11.82     8.10     6.34     5.14  2 -3.18e-09      0.00 7.533e-01 2.465e-01 2.759e-05 7.821e-06 6.949e-05 -1.000 1.636e-04 -2.427 4.024 3.477 2.039 -0.056 -0.425 -0.775 -1.371 -1.861 -2.257 -2.485 -3.056 -3.139 -3.582 -3.738 -3.925 -4.167 -4.400
0.00015547 -2.00000 10.07918 0.8000156283 2.4187300205    0.770  2.922  3.6617  1.001    3  0.000  0.530    19.07    13.03     8.89     6.97     5.65  2 -3.74e-09      0.00 7.533e-01 2.465e-01 2.759e-05 7.821e-06 6.949e-05 -1.000 1.636e-04 -2.535 4.069 3.574 2.152 0.001 -0.422 -0.806 -1.434 -1.943 -2.351 -2.584 -3.166 -3.251 -3.700 -3.857 -4.046 -4.291 -4.526
0.00015547 -2.00000 10.07918 0.8000283837 2.4187345505    0.767  2.969  3.6593  0.943    3  0.000  0.530    21.56    14.46     9.82     7.71     6.25  2 -4.46e-09      0.00 7.533e-01 2.465e-01 2.759e-05 7.821e-06 6.949e-05 -1.000 1.636e-04 -2.652 4.103 3.661 2.269 0.063 -0.412 -0.833 -1.498 -2.029 -2.452 -2.692 -3.285 -3.372 -3.828 -3.987 -4.178 -4.425 -4.662
0.00015547 -2.00000 10.07918 0.8000388145 2.4187381268    0.764  3.010  3.6568  0.890    3  0.000  0.530    24.08    15.89    10.75     8.45     6.85  1 -5.23e-09      0.00 7.533e-01 2.465e-01 2.759e-05 7.821e-06 6.949e-05 -1.000 1.636e-04 -2.755 4.152 3.749 2.374 0.118 -0.402 -0.852 -1.549 -2.100 -2.536 -2.781 -3.387 -3.475 -3.938 -4.100 -4.292 -4.542 -4.782
0.00015547 -2.00000 10.07918 0.8000476956 2.4187412262    0.762  3.047  3.6548  0.844    3  0.000  0.530    26.56    17.27    11.64     9.16     7.43  1 -6.02e-09      0.00 7.533e-01 2.465e-01 2.759e-05 7.821e-06 6.949e-05 -1.000 1.636e-04 -2.848 4.188 3.803 2.421 0.128 -0.420 -0.887 -1.605 -2.169 -2.614 -2.863 -3.478 -3.568 -4.037 -4.200 -4.394 -4.646 -4.888
0.00015547 -2.00000 10.07918 0.8000569344 2.4187445641    0.759  3.088  3.6523  0.792    3  0.000  0.530    29.65    18.96    12.72    10.03     8.13  1 -7.03e-09      0.00 7.533e-01 2.466e-01 2.759e-05 7.822e-06 6.949e-05 -1.000 1.637e-04 -2.949 4.239 3.875 2.488 0.149 -0.430 -0.919 -1.662 -2.241 -2.697 -2.952 -3.577 -3.668 -4.145 -4.310 -4.506 -4.760 -5.005
0.00015547 -2.00000 10.07918 0.8000663519 2.4187476635    0.755  3.132  3.6498  0.735    3  0.000  0.530    33.40    20.97    14.01    11.06     8.97  1 -8.32e-09      0.00 7.533e-01 2.466e-01 2.759e-05 7.822e-06 6.949e-05 -1.000 1.636e-04 -3.060 4.286 3.945 2.553 0.168 -0.446 -0.957 -1.726 -2.321 -2.789 -3.049 -3.686 -3.779 -4.263 -4.430 -4.627 -4.885 -5.131
0.00015547 -2.00000 10.07918 0.8000742793 2.4187505245    0.751  3.172  3.6473  0.683    3  0.000  0.530    37.26    23.01    15.30    12.10     9.82  1 -9.71e-09      0.00 7.533e-01 2.466e-01 2.759e-05 7.822e-06 6.949e-05 -1.000 1.636e-04 -3.160 4.325 4.009 2.626 0.193 -0.454 -0.986 -1.779 -2.390 -2.869 -3.133 -3.781 -3.876 -4.368 -4.537 -4.736 -4.997 -5.246
0.00015547 -2.00000 10.07918 0.8000822067 2.4187533855    0.747  3.214  3.6449  0.629    3  0.000  0.530    41.76    25.34    16.78    13.29    10.79  1 -1.14e-08      0.00 7.533e-01 2.466e-01 2.759e-05 7.822e-06 6.949e-05 -1.000 1.636e-04 -3.265 4.356 4.062 2.693 0.216 -0.466 -1.018 -1.837 -2.463 -2.953 -3.223 -3.883 -3.979 -4.479 -4.650 -4.851 -5.114 -5.366
0.00015547 -2.00000 10.07918 0.8000895977 2.4187557697    0.742  3.253  3.6424  0.577    3  0.000  0.530    46.59    27.80    18.32    14.54    11.80  1 -1.33e-08      0.00 7.533e-01 2.466e-01 2.759e-05 7.822e-06 6.949e-05 -1.000 1.636e-04 -3.364 4.390 4.116 2.768 0.246 -0.469 -1.041 -1.887 -2.529 -3.031 -3.305 -3.977 -4.075 -4.583 -4.756 -4.959 -5.225 -5.480
0.00015547 -2.00000 10.07918 0.8000916839 2.4187567234    0.741  3.263  3.6419  0.564    3  0.000  0.530    47.85    28.43    18.72    14.86    12.06  1 -1.39e-08      0.00 7.533e-01 2.466e-01 2.759e-05 7.822e-06 6.949e-05 -1.000 1.637e-04 -3.388 4.396 4.127 2.785 0.253 -0.470 -1.047 -1.899 -2.546 -3.050 -3.326 -4.001 -4.099 -4.609 -4.782 -4.986 -5.252 -5.507
0.00015547 -2.00000 10.07918 0.8000916839 2.4187567234    0.741  1.672  3.9019  3.195    4  0.000  0.532     0.00     0.00     0.00     0.00     0.00 -1    -1e-30      0.00 7.549e-01 2.450e-01 2.759e-05 7.739e-06 6.924e-05 -1.000 1.637e-04 0.589 1.304 1.223 1.083 0.920 0.698 0.668 0.627 0.580 0.531 0.498 0.407 0.391 0.309 0.287 0.255 0.226 0.199
0.00015547 -2.00000 10.07918 0.8000925183 2.4187569618    0.741  1.682  3.8959  3.161    4  0.000  0.532     0.00     0.00     0.00     0.00     0.00 -1    -1e-30      0.00 7.549e-01 2.450e-01 2.759e-05 7.739e-06 6.924e-05 -1.000 1.637e-04 0.564 1.320 1.233 1.080 0.902 0.683 0.654 0.606 0.552 0.497 0.460 0.359 0.342 0.254 0.230 0.194 0.161 0.130
0.00015547 -2.00000 10.07918 0.8001459241 2.4187755585    0.741  1.697  3.8891  3.119    4  0.000  0.532     0.00     0.00     0.00     0.00     0.00 -1    -1e-30      0.00 7.549e-01 2.450e-01 2.759e-05 7.739e-06 6.924e-05 -1.000 1.637e-04 0.527 1.330 1.235 1.068 0.871 0.659 0.630 0.575 0.513 0.451 0.409 0.297 0.279 0.185 0.157 0.116 0.079 0.044
0.00015547 -2.00000 10.07918 0.8001978397 2.4187936783    0.741  1.697  3.8898  3.122    4  0.000  0.532     0.00     0.00     0.00     0.00     0.00 -1    -1e-30      0.00 7.549e-01 2.450e-01 2.759e-05 7.739e-06 6.924e-05 -1.000 1.637e-04 0.527 1.325 1.231 1.066 0.871 0.656 0.627 0.573 0.512 0.451 0.409 0.299 0.281 0.187 0.160 0.120 0.083 0.049
0.00015547 -2.00000 10.07918 0.8002498746 2.4188117981    0.741  1.697  3.8906  3.125    4  0.000  0.532     0.00     0.00     0.00     0.00     0.00 -1    -1e-30      0.00 7.549e-01 2.450e-01 2.759e-05 7.739e-06 6.924e-05 -1.000 1.637e-04 0.527 1.320 1.227 1.063 0.870 0.654 0.625 0.572 0.512 0.452 0.411 0.302 0.284 0.191 0.164 0.125 0.088 0.055
0.00015547 -2.00000 10.07918 0.8003025651 2.4188303947    0.741  1.697  3.8914  3.128    4  0.000  0.532     0.00     0.00     0.00     0.00     0.00 -1    -1e-30      0.00 7.549e-01 2.450e-01 2.759e-05 7.739e-06 6.924e-05 -1.000 1.637e-04 0.527 1.315 1.223 1.061 0.870 0.653 0.624 0.571 0.513 0.453 0.413 0.305 0.287 0.195 0.168 0.130 0.094 0.061
0.00015547 -2.00000 10.07918 0.8003565669 2.4188492298    0.741  1.697  3.8921  3.131    4  0.000  0.532     0.00     0.00     0.00     0.00     0.00 -1    -1e-30      0.00 7.549e-01 2.450e-01 2.759e-05 7.739e-06 6.924e-05 -1.000 1.637e-04 0.527 1.311 1.219 1.059 0.870 0.652 0.622 0.571 0.513 0.454 0.414 0.308 0.290 0.199 0.172 0.134 0.099 0.066
0.00015547 -2.00000 10.07918 0.8004102111 2.4188678265    0.741  1.697  3.8927  3.133    4  0.000  0.532     0.00     0.00     0.00     0.00     0.00 -1    -1e-30      0.00 7.549e-01 2.450e-01 2.759e-05 7.739e-06 6.924e-05 -1.000 1.637e-04 0.527 1.307 1.216 1.057 0.869 0.651 0.621 0.570 0.513 0.455 0.416 0.310 0.292 0.201 0.175 0.137 0.103 0.070
0.00015547 -2.00000 10.07918 0.8004603386 2.4188854694    0.741  1.697  3.8930  3.135    4  0.000  0.532     0.00     0.00     0.00     0.00     0.00 -1    -1e-30      0.00 7.549e-01 2.450e-01 2.759e-05 7.739e-06 6.924e-05 -1.000 1.637e-04 0.527 1.305 1.215 1.056 0.869 0.650 0.620 0.570 0.513 0.455 0.416 0.311 0.293 0.203 0.177 0.139 0.105 0.072
0.00015547 -2.00000 10.07918 0.8005144596 2.4189043045    0.741  1.697  3.8931  3.135    4  0.000  0.532     0.00     0.00     0.00     0.00     0.00 -1    -1e-30      0.00 7.549e-01 2.450e-01 2.759e-05 7.739e-06 6.924e-05 -1.000 1.637e-04 0.526 1.304 1.214 1.055 0.868 0.649 0.620 0.569 0.513 0.455 0.416 0.311 0.293 0.203 0.177 0.139 0.105 0.073
0.00015547 -2.00000 10.07918 0.8005643487 2.4189217091    0.741  1.698  3.8928  3.133    4  0.000  0.532     0.00     0.00     0.00     0.00     0.00 -1    -1e-30      0.00 7.549e-01 2.450e-01 2.759e-05 7.739e-06 6.924e-05 -1.000 1.637e-04 0.525 1.305 1.215 1.055 0.868 0.649 0.619 0.569 0.511 0.453 0.414 0.308 0.291 0.200 0.174 0.136 0.101 0.069
0.00015547 -2.00000 10.07918 0.8006148934 2.4189393520    0.741  1.699  3.8921  3.130    4  0.000  0.532     0.00     0.00     0.00     0.00     0.00 -1    -1e-30      0.00 7.549e-01 2.450e-01 2.759e-05 7.739e-06 6.924e-05 -1.000 1.636e-04 0.524 1.308 1.216 1.056 0.867 0.648 0.619 0.567 0.510 0.451 0.411 0.304 0.287 0.195 0.169 0.131 0.095 0.063
0.00015547 -2.00000 10.07918 0.8006679416 2.4189579487    0.741  1.700  3.8909  3.124    4  0.000  0.532     0.00     0.00     0.00     0.00     0.00 -1    -1e-30      0.00 7.549e-01 2.450e-01 2.759e-05 7.739e-06 6.924e-05 -1.000 1.636e-04 0.521 1.313 1.221 1.057 0.865 0.648 0.619 0.566 0.507 0.447 0.406 0.297 0.280 0.187 0.160 0.121 0.085 0.052
0.00015547 -2.00000 10.07918 0.8007231355 2.4189772606    0.741  1.701  3.8892  3.116    4  0.000  0.532     0.00     0.00     0.00     0.00     0.00 -1    -1e-30      0.00 7.549e-01 2.450e-01 2.759e-05 7.739e-06 6.924e-05 -1.000 1.637e-04 0.518 1.321 1.227 1.059 0.863 0.649 0.620 0.565 0.504 0.441 0.400 0.288 0.270 0.176 0.148 0.107 0.070 0.036
0.00015547 -2.00000 10.07918 0.8007745743 2.4189951420    0.741  1.702  3.8870  3.105    4  0.000  0.532     0.00     0.00     0.00     0.00     0.00 -1    -1e-30      0.00 7.549e-01 2.450e-01 2.759e-05 7.739e-06 6.924e-05 -1.000 1.637e-04 0.514 1.332 1.235 1.062 0.860 0.651 0.622 0.565 0.500 0.436 0.392 0.276 0.258 0.161 0.132 0.090 0.051 0.015
0.00015547 -2.00000 10.07918 0.8008250594 2.4190127850    0.741  1.704  3.8842  3.092    4  0.000  0.532     0.00     0.00     0.00     0.00     0.00 -1    -1e-30      0.00 7.549e-01 2.450e-01 2.759e-05 7.739e-06 6.924e-05 -1.000 1.637e-04 0.509 1.345 1.244 1.065 0.856 0.653 0.626 0.565 0.497 0.428 0.383 0.262 0.243 0.144 0.113 0.069 0.028 -0.010
0.00015547 -2.00000 10.07918 0.8008781672 2.4190313816    0.741  1.707  3.8806  3.076    4  0.000  0.532     0.00     0.00     0.00     0.00     0.00 -1    -1e-30      0.00 7.549e-01 2.450e-01 2.759e-05 7.739e-06 6.924e-05 -1.000 1.637e-04 0.503 1.362 1.257 1.070 0.851 0.657 0.631 0.565 0.492 0.419 0.371 0.243 0.224 0.122 0.089 0.042 -0.002 -0.042
0.00015547 -2.00000 10.07918 0.8009281754 2.4190487862    0.742  1.710  3.8766  3.057    4  0.000  0.532     0.00     0.00     0.00     0.00     0.00 -1    -1e-30      0.00 7.549e-01 2.450e-01 2.759e-05 7.739e-06 6.924e-05 -1.000 1.637e-04 0.496 1.383 1.273 1.075 0.845 0.661 0.637 0.566 0.488 0.410 0.359 0.224 0.204 0.097 0.063 0.013 -0.034 -0.077
0.00015547 -2.00000 10.07918 0.8009785414 2.4190661907    0.742  1.713  3.8720  3.036    4  0.000  0.532     0.00     0.00     0.00     0.00     0.00 -1    -1e-30      0.00 7.549e-01 2.450e-01 2.759e-05 7.739e-06 6.924e-05 -1.000 1.636e-04 0.489 1.407 1.291 1.081 0.839 0.667 0.645 0.567 0.483 0.400 0.345 0.201 0.180 0.070 0.032 -0.021 -0.072 -0.118
0.00015547 -2.00000 10.07918 0.8010303378 2.4190843105    0.742  1.716  3.8666  3.011    4  0.000  0.532     0.00     0.00     0.00     0.00     0.00 -1    -1e-30      0.00 7.549e-01 2.450e-01 2.759e-05 7.739e-06 6.924e-05 -1.000 1.636e-04 0.480 1.437 1.313 1.089 0.830 0.674 0.654 0.570 0.479 0.389 0.330 0.175 0.154 0.038 -0.003 -0.060 -0.116 -0.166
0.00015547 -2.00000 10.07918 0.8010834455 2.4191029072    0.742  1.720  3.8604  2.982    4  0.000  0.532     0.00     0.00     0.00     0.00     0.00 -1    -1e-30      0.00 7.549e-01 2.450e-01 2.759e-05 7.739e-06 6.924e-05 -1.000 1.637e-04 0.469 1.474 1.341 1.099 0.821 0.682 0.666 0.574 0.475 0.378 0.314 0.147 0.124 0.002 -0.043 -0.105 -0.166 -0.221
0.00015547 -2.00000 10.07918 0.8011329770 2.4191200733    0.742  1.724  3.8540  2.952    4  0.000  0.532     0.00     0.00     0.00     0.00     0.00 -1    -1e-30      0.00 7.549e-01 2.450e-01 2.759e-05 7.739e-06 6.924e-05 -1.000 1.636e-04 0.459 1.518 1.374 1.110 0.810 0.692 0.679 0.579 0.473 0.368 0.299 0.119 0.095 -0.034 -0.083 -0.150 -0.217 -0.277
0.00015547 -2.00000 10.07918 0.8011376858 2.4191217422    0.742  1.725  3.8533  2.949    4  0.000  0.532     0.00     0.00     0.00     0.00     0.00 -1    -1e-30      0.00 7.549e-01 2.450e-01 2.759e-05 7.739e-06 6.924e-05 -1.000 1.637e-04 0.458 1.522 1.377 1.112 0.809 0.693 0.680 0.580 0.473 0.367 0.298 0.116 0.092 -0.038 -0.087 -0.155 -0.222 -0.282
0.00015547 -2.00000 10.07918 0.8011463284 2.4191248417    0.742  1.726  3.8522  2.943    4  0.000  0.532     0.00     0.00     0.00     0.00     0.00 -1    -1e-30      0.00 7.549e-01 2.450e-01 2.759e-05 7.739e-06 6.924e-05 -1.000 1.637e-04 0.456 1.530 1.383 1.114 0.807 0.694 0.682 0.581 0.473 0.365 0.295 0.111 0.087 -0.044 -0.094 -0.163 -0.231 -0.293
0.00015547 -2.00000 10.07918 0.8011974692 2.4191427231    0.742  1.730  3.8453  2.911    4  0.000  0.532     0.00     0.00     0.00     0.00     0.00 -1    -1e-30      0.00 7.549e-01 2.450e-01 2.759e-05 7.739e-06 6.924e-05 -1.000 1.637e-04 0.444 1.579 1.421 1.128 0.796 0.705 0.697 0.588 0.471 0.355 0.280 0.082 0.056 -0.083 -0.137 -0.211 -0.285 -0.353
0.00015547 -2.00000 10.07918 0.8012473583 2.4191598892    0.742  1.735  3.8383  2.879    4  0.000  0.532     0.00     0.00     0.00     0.00     0.00 -1    -1e-30      0.00 7.549e-01 2.450e-01 2.759e-05 7.739e-06 6.924e-05 -1.000 1.637e-04 0.433 1.631 1.460 1.143 0.785 0.717 0.713 0.595 0.469 0.345 0.265 0.053 0.026 -0.121 -0.179 -0.259 -0.340 -0.413
0.00015547 -2.00000 10.07918 0.8013007045 2.4191784859    0.742  1.740  3.8303  2.841    4  0.000  0.532     0.00     0.00     0.00     0.00     0.00 -1    -1e-30      0.00 7.549e-01 2.450e-01 2.759e-05 7.739e-06 6.924e-05 -1.000 1.637e-04 0.419 1.693 1.508 1.162 0.772 0.731 0.731 0.603 0.468 0.334 0.248 0.020 -0.009 -0.165 -0.228 -0.314 -0.402 -0.482
0.00015547 -2.00000 10.07918 0.8013514280 2.4191963673    0.742  1.746  3.8223  2.804    4  0.000  0.532     0.00     0.00     0.00     0.00     0.00 -1    -1e-30      0.00 7.549e-01 2.450e-01 2.759e-05 7.739e-06 6.924e-05 -1.000 1.637e-04 0.405 1.766 1.565 1.187 0.763 0.746 0.750 0.612 0.467 0.323 0.232 -0.012 -0.042 -0.210 -0.277 -0.368 -0.465 -0.552
0.00015547 -2.00000 10.07918 0.8014001250 2.4192132950    0.742  1.752  3.8151  2.769    4  0.000  0.532     0.00     0.00     0.00     0.00     0.00 -1    -1e-30      0.00 7.549e-01 2.450e-01 2.759e-05 7.739e-06 6.924e-05 -1.000 1.637e-04 0.391 1.836 1.619 1.211 0.754 0.760 0.767 0.620 0.466 0.313 0.216 -0.041 -0.074 -0.250 -0.322 -0.418 -0.522 -0.615
0.00015547 -2.00000 10.07918 0.8014503121 2.4192306995    0.742  1.758  3.8076  2.733    4  0.000  0.532     0.00     0.00     0.00     0.00     0.00 -1    -1e-30      0.00 7.549e-01 2.450e-01 2.759e-05 7.739e-06 6.924e-05 -1.000 1.636e-04 0.375 1.908 1.673 1.233 0.742 0.777 0.787 0.629 0.465 0.302 0.200 -0.072 -0.107 -0.294 -0.370 -0.472 -0.582 -0.682
0.00015547 -2.00000 10.07918 0.8014996052 2.4192478657    0.742  1.764  3.8007  2.699    4  0.000  0.532     0.00     0.00     0.00     0.00     0.00 -1    -1e-30      0.00 7.549e-01 2.450e-01 2.759e-05 7.739e-06 6.924e-05 -1.000 1.637e-04 0.360 1.975 1.724 1.253 0.731 0.792 0.805 0.638 0.464 0.293 0.185 -0.100 -0.137 -0.333 -0.414 -0.520 -0.637 -0.743
0.00015547 -2.00000 10.07918 0.8015494347 2.4192652702    0.742  1.770  3.7942  2.667    4  0.000  0.532     0.00     0.00     0.00     0.00     0.00 -1    -1e-30      0.00 7.549e-01 2.450e-01 2.759e-05 7.739e-06 6.924e-05 -1.000 1.637e-04 0.344 2.046 1.778 1.277 0.722 0.807 0.822 0.645 0.462 0.282 0.170 -0.128 -0.166 -0.372 -0.457 -0.567 -0.690 -0.802
0.00015547 -2.00000 10.07918 0.8015992641 2.4192826748    0.742  1.777  3.7882  2.636    4  0.000  0.532     0.00     0.00     0.00     0.00     0.00 -1    -1e-30      0.00 7.549e-01 2.450e-01 2.759e-05 7.739e-06 6.924e-05 -1.000 1.637e-04 0.327 2.111 1.827 1.297 0.713 0.819 0.836 0.650 0.458 0.271 0.154 -0.156 -0.196 -0.411 -0.498 -0.613 -0.741 -0.859
0.00015547 -2.00000 10.07918 0.8016495109 2.4193000793    0.742  1.786  3.7816  2.601    4  0.000  0.532     0.00     0.00     0.00     0.00     0.00 -1    -1e-30      0.00 7.549e-01 2.450e-01 2.759e-05 7.739e-06 6.924e-05 -1.000 1.637e-04 0.304 2.183 1.881 1.319 0.701 0.829 0.847 0.651 0.450 0.255 0.133 -0.190 -0.231 -0.456 -0.547 -0.666 -0.800 -0.924
0.00015547 -2.00000 10.07918 0.8016594648 2.4193034172    0.742  1.781  3.7831  2.612    4  0.000  0.532     0.00     0.00     0.00     0.00     0.00 -1    -1e-30      0.00 7.549e-01 2.450e-01 2.759e-05 7.739e-06 6.924e-05 -1.000 1.637e-04 0.317 2.174 1.876 1.322 0.711 0.834 0.853 0.659 0.460 0.266 0.146 -0.174 -0.215 -0.438 -0.529 -0.646 -0.779 -0.902
0.00015547 -2.00000 10.07918 0.8017110229 2.4193215370    0.742  1.794  3.7754  2.568    4  0.000  0.532     0.00     0.00     0.00     0.00     0.00 -1    -1e-30      0.00 7.549e-01 2.450e-01 2.759e-05 7.739e-06 6.924e-05 -1.000 1.637e-04 0.285 2.265 1.945 1.350 0.698 0.842 0.860 0.655 0.444 0.241 0.115 -0.219 -0.263 -0.497 -0.592 -0.715 -0.855 -0.985
0.00015547 -2.00000 10.07918 0.8017617464 2.4193391800    0.742  1.811  3.7675  2.519    4  0.000  0.532     0.00     0.00     0.00     0.00     0.00 -1    -1e-30      0.00 7.549e-01 2.450e-01 2.759e-05 7.739e-06 6.924e-05 -1.000 1.637e-04 0.242 2.363 2.017 1.377 0.682 0.842 0.859 0.641 0.419 0.206 0.075 -0.274 -0.320 -0.567 -0.667 -0.794 -0.942 -1.080
0.00015547 -2.00000 10.07918 0.8018044829 2.4193539619    0.743  1.839  3.7579  2.453    4  0.000  0.532     0.00     0.00     0.00     0.00     0.00 -1    -1e-30      0.00 7.549e-01 2.450e-01 2.759e-05 7.739e-06 6.924e-05 -1.000 1.636e-04 0.173 2.494 2.112 1.410 0.648 0.828 0.843 0.609 0.373 0.148 0.010 -0.357 -0.406 -0.669 -0.773 -0.907 -1.063 -1.209
0.00015547 -2.00000 10.07918 0.8018276095 2.4193620682    0.743  1.871  3.7489  2.385    4  0.000  0.532     0.00     0.00     0.00     0.00     0.00 -1    -1e-30      0.00 7.549e-01 2.450e-01 2.759e-05 7.739e-06 6.924e-05 -1.000 1.637e-04 0.092 2.627 2.207 1.440 0.612 0.803 0.813 0.563 0.314 0.078 -0.067 -0.451 -0.502 -0.780 -0.889 -1.027 -1.191 -1.345
0.00015547 -2.00000 10.07918 0.8018381000 2.4193656445    0.743  1.905  3.7411  2.320    4  0.000  0.532     0.00     0.00     0.00     0.00     0.00 -1    -1e-30      0.00 7.549e-01 2.450e-01 2.759e-05 7.739e-06 6.924e-05 -1.000 1.637e-04 0.007 2.744 2.289 1.461 0.572 0.769 0.773 0.509 0.248 0.002 -0.148 -0.546 -0.600 -0.891 -1.003 -1.146 -1.315 -1.476
0.00015547 -2.00000 10.07918 0.8018427491 2.4193673134    0.743  1.941  3.7343  2.257    4  0.000  0.532     0.00     0.00     0.00     0.00     0.00 -1    -1e-30      0.00 7.549e-01 2.450e-01 2.759e-05 7.739e-06 6.924e-05 -1.000 1.637e-04 -0.083 2.880 2.387 1.495 0.540 0.730 0.725 0.448 0.176 -0.079 -0.233 -0.644 -0.700 -1.003 -1.119 -1.265 -1.440 -1.607
0.00015547 -2.00000 10.07918 0.8018449545 2.4193680286    0.743  1.976  3.7290  2.201    4  0.000  0.532     0.00     0.00     0.00     0.00     0.00 -1    -1e-30      0.00 7.549e-01 2.450e-01 2.759e-05 7.739e-06 6.924e-05 -1.000 1.636e-04 -0.170 2.980 2.457 1.510 0.502 0.684 0.671 0.383 0.102 -0.159 -0.317 -0.738 -0.796 -1.108 -1.226 -1.375 -1.555 -1.726
0.00015547 -2.00000 10.07918 0.8018458486 2.4193682671    0.743  1.999  3.7260  2.166    7  0.000  0.532     0.00     0.00     0.00     0.00     0.00 -1    -1e-30      0.00 7.549e-01 2.450e-01 2.759e-05 7.739e-06 6.924e-05 -1.000 1.637e-04 -0.228 3.036 2.494 1.515 0.475 0.650 0.632 0.338 0.052 -0.213 -0.374 -0.800 -0.859 -1.175 -1.296 -1.446 -1.628 -1.802
0.00015547 -2.00000 10.07918 0.8018460870 2.4193685055    0.743  2.009  3.7249  2.151    7  0.000  0.532     0.00     0.00     0.00     0.00     0.00 -1    -1e-30      0.00 7.549e-01 2.450e-01 2.759e-05 7.739e-06 6.924e-05 -1.000 1.637e-04 -0.253 3.053 2.503 1.513 0.462 0.635 0.614 0.318 0.030 -0.236 -0.397 -0.825 -0.885 -1.203 -1.324 -1.475 -1.658 -1.833
0.00015547 -2.00000 10.07918 0.8018470407 2.4193687439    0.743  2.048  3.7212  2.097    7  0.000  0.532     0.00     0.00     0.00     0.00     0.00 -1    -1e-30      0.00 7.549e-01 2.450e-01 2.759e-05 7.739e-06 6.924e-05 -1.000 1.637e-04 -0.351 3.103 2.529 1.496 0.405 0.568 0.541 0.237 -0.058 -0.329 -0.493 -0.928 -0.988 -1.314 -1.437 -1.590 -1.776 -1.954
0.00015547 -2.00000 10.07918 0.8018479347 2.4193692207    0.743  2.087  3.7179  2.045    7  0.000  0.532     0.00     0.00     0.00     0.00     0.00 -1    -1e-30      0.00 7.549e-01 2.450e-01 2.759e-05 7.739e-06 6.924e-05 -1.000 1.637e-04 -0.448 3.147 2.550 1.477 0.348 0.501 0.467 0.155 -0.146 -0.421 -0.587 -1.028 -1.090 -1.421 -1.546 -1.701 -1.890 -2.070
0.00015547 -2.00000 10.07918 0.8018488288 2.4193694592    0.743  2.121  3.7152  2.001    7  0.000  0.532     0.00     0.00     0.00     0.00     0.00 -1    -1e-30      0.00 7.549e-01 2.450e-01 2.759e-05 7.739e-06 6.924e-05 -1.000 1.637e-04 -0.533 3.180 2.563 1.457 0.297 0.442 0.402 0.083 -0.222 -0.501 -0.669 -1.115 -1.178 -1.514 -1.640 -1.797 -1.988 -2.171
0.00015547 -2.00000 10.07918 0.8018497229 2.4193696976    0.743  2.149  3.7132  1.965    7  0.000  0.532     0.00     0.00     0.00     0.00     0.00 -1    -1e-30      0.00 7.549e-01 2.450e-01 2.759e-05 7.739e-06 6.924e-05 -1.000 1.637e-04 -0.603 3.211 2.578 1.444 0.256 0.392 0.347 0.023 -0.287 -0.569 -0.738 -1.188 -1.252 -1.592 -1.718 -1.876 -2.069 -2.254
0.00015547 -2.00000 10.07918 0.8018511534 2.4193701744    0.743  2.168  3.7121  1.941    7  0.000  0.532     0.00     0.00     0.00     0.00     0.00 -1    -1e-30      0.00 7.549e-01 2.450e-01 2.759e-05 7.739e-06 6.924e-05 -1.000 1.636e-04 -0.649 3.226 2.583 1.432 0.228 0.357 0.309 -0.017 -0.329 -0.613 -0.783 -1.236 -1.300 -1.642 -1.769 -1.927 -2.121 -2.307
0.00015547 -2.00000 10.07918 0.8018538356 2.4193711281    0.743  2.149  3.7136  1.966    7  0.000  0.532     0.00     0.00     0.00     0.00     0.00 -1    -1e-30      0.00 7.549e-01 2.450e-01 2.759e-05 7.739e-06 6.924e-05 -1.000 1.636e-04 -0.601 3.198 2.568 1.438 0.254 0.390 0.345 0.023 -0.286 -0.568 -0.737 -1.186 -1.250 -1.589 -1.716 -1.873 -2.066 -2.250
0.00015547 -2.00000 10.07918 0.8018708229 2.4193770885    0.743  2.139  3.7139  1.978    7  0.000  0.532     0.00     0.00     0.00     0.00     0.00 -1    -1e-30      0.00 7.549e-01 2.450e-01 2.759e-05 7.739e-06 6.924e-05 -1.000 1.637e-04 -0.576 3.202 2.574 1.450 0.272 0.411 0.368 0.046 -0.262 -0.543 -0.712 -1.161 -1.224 -1.563 -1.689 -1.846 -2.039 -2.223
0.00015547 -2.00000 10.07918 0.8018867373 2.4193825722    0.743  2.164  3.7118  1.944    7  0.000  0.532     0.00     0.00     0.00     0.00     0.00 -1    -1e-30      0.00 7.549e-01 2.450e-01 2.759e-05 7.739e-06 6.924e-05 -1.000 1.636e-04 -0.640 3.241 2.597 1.445 0.239 0.368 0.320 -0.007 -0.320 -0.604 -0.774 -1.227 -1.291 -1.634 -1.761 -1.919 -2.113 -2.299
0.00015547 -2.00000 10.07918 0.8019060493 2.4193892479    0.743  2.210  3.7086  1.885    7  0.000  0.532     0.00     0.00     0.00     0.00     0.00 -1    -1e-30      0.00 7.549e-01 2.450e-01 2.759e-05 7.739e-06 6.924e-05 -1.000 1.637e-04 -0.754 3.299 2.627 1.428 0.176 0.289 0.232 -0.104 -0.424 -0.712 -0.885 -1.345 -1.410 -1.758 -1.888 -2.048 -2.244 -2.433
0.00015547 -2.00000 10.07918 0.8019245267 2.4193956852    0.743  2.257  3.7055  1.826    7  0.000  0.532     0.00     0.00     0.00     0.00     0.00 -1    -1e-30      0.00 7.549e-01 2.450e-01 2.759e-05 7.739e-06 6.924e-05 -1.000 1.636e-04 -0.872 3.356 2.657 1.410 0.111 0.207 0.140 -0.205 -0.531 -0.824 -0.999 -1.465 -1.531 -1.886 -2.017 -2.179 -2.378 -2.570
0.00015547 -2.00000 10.07918 0.8019415140 2.4194016457    0.743  2.303  3.7025  1.768    7  0.000  0.532     0.00     0.00     0.00     0.00     0.00 -1    -1e-30      0.00 7.549e-01 2.450e-01 2.759e-05 7.739e-06 6.924e-05 -1.000 1.637e-04 -0.988 3.406 2.682 1.388 0.046 0.125 0.049 -0.304 -0.637 -0.934 -1.112 -1.583 -1.651 -2.011 -2.144 -2.308 -2.510 -2.704
0.00015547 -2.00000 10.07918 0.8019568324 2.4194068909    0.743  2.346  3.6999  1.714    7  0.000  0.532     0.00     0.00     0.00     0.00     0.00 -1    -1e-30      0.00 7.549e-01 2.450e-01 2.759e-05 7.740e-06 6.924e-05 -1.000 1.622e-04 -1.096 3.449 2.701 1.366 -0.017 0.048 -0.036 -0.397 -0.735 -1.037 -1.217 -1.694 -1.762 -2.128 -2.262 -2.427 -2.631 -2.828
0.00015547 -2.00000 10.07918 0.8019704223 2.4194116592    0.743  2.389  3.6974  1.662    7  0.000  0.531     0.00     0.00     0.00     0.00     0.00 -1    -1e-30      0.00 7.549e-01 2.450e-01 2.758e-05 7.742e-06 6.924e-05 -1.000 1.395e-04 -1.201 3.493 2.724 1.349 -0.074 -0.026 -0.118 -0.487 -0.831 -1.137 -1.319 -1.801 -1.870 -2.241 -2.377 -2.543 -2.750 -2.949
0.00015547 -2.00000 10.07918 0.8019823432 2.4194159508    0.743  2.430  3.6949  1.611    7  0.000  0.530     0.00     0.00     0.00     0.00     0.00 -1    -1e-30      0.00 7.549e-01 2.449e-01 2.752e-05 7.764e-06 6.924e-05 -1.000 1.524e-04 -1.305 3.535 2.746 1.330 -0.131 -0.098 -0.199 -0.576 -0.926 -1.235 -1.419 -1.906 -1.976 -2.352 -2.489 -2.657 -2.866 -3.068
0.00015547 -2.00000 10.07918 0.8019928336 2.4194195271    0.743  2.471  3.6926  1.560    7  0.000  0.525     0.00     0.00     0.00     0.00     0.00 -1    -1e-30      0.00 7.549e-01 2.450e-01 2.730e-05 7.904e-06 6.924e-05 -1.000 1.364e-04 -1.407 3.575 2.766 1.312 -0.187 -0.169 -0.278 -0.663 -1.018 -1.331 -1.517 -2.009 -2.081 -2.461 -2.599 -2.769 -2.980 -3.184
0.00015547 -2.00000 10.07918 0.8020023704 2.4194228649    0.743  2.511  3.6902  1.510    7  0.000  0.515     6.39     5.14     3.66     2.83     2.29  3    -1e-30      0.00 7.548e-01 2.450e-01 2.679e-05 8.400e-06 6.925e-05 -1.000 1.584e-04 -1.509 3.614 2.786 1.294 -0.243 -0.240 -0.357 -0.749 -1.110 -1.427 -1.615 -2.112 -2.185 -2.570 -2.709 -2.880 -3.094 -3.300
0.00015547 -2.00000 10.07918 0.8020110130 2.4194257259    0.743  2.552  3.6879  1.460    7  0.000  0.500     7.11     5.63     3.99     3.09     2.50  3    -1e-30      0.00 7.547e-01 2.451e-01 2.606e-05 9.247e-06 6.926e-05 -1.000 1.636e-04 -1.610 3.661 2.819 1.287 -0.293 -0.307 -0.433 -0.834 -1.201 -1.522 -1.712 -2.215 -2.288 -2.678 -2.819 -2.991 -3.207 -3.416
0.00015547 -2.00000 10.07918 0.8020190001 2.4194285870    0.743  2.593  3.6856  1.410    7  0.000  0.485     7.91     6.16     4.35     3.37     2.73  3    -1e-30      0.00 7.546e-01 2.452e-01 2.531e-05 1.017e-05 6.927e-05 -1.000 1.636e-04 -1.711 3.706 2.852 1.286 -0.338 -0.371 -0.508 -0.918 -1.292 -1.617 -1.809 -2.317 -2.391 -2.786 -2.929 -3.103 -3.321 -3.532
0.00015547 -2.00000 10.07918 0.8020263910 2.4194312096    0.743  2.633  3.6832  1.361    7  0.000  0.472     8.79     6.74     4.74     3.68     2.98  3    -1e-30      0.00 7.544e-01 2.454e-01 2.464e-05 1.099e-05 6.928e-05 -1.000 1.518e-04 -1.813 3.711 2.878 1.327 -0.350 -0.417 -0.572 -0.998 -1.382 -1.712 -1.908 -2.421 -2.496 -2.896 -3.040 -3.216 -3.436 -3.650
0.00015547 -2.00000 10.07918 0.8020334244 2.4194335938    0.743  2.673  3.6808  1.311    7  0.000  0.461     9.77     7.38     5.16     4.02     3.25  3    -1e-30      0.00 7.543e-01 2.456e-01 2.406e-05 1.170e-05 6.928e-05 -1.000 1.449e-04 -1.913 3.722 2.910 1.375 -0.357 -0.458 -0.634 -1.076 -1.470 -1.807 -2.006 -2.525 -2.601 -3.006 -3.152 -3.328 -3.551 -3.767
0.00015547 -2.00000 10.07918 0.8020401001 2.4194359779    0.743  2.713  3.6785  1.262    7  0.000  0.451    10.85     8.06     5.62     4.38     3.54  3    -1e-30      0.00 7.540e-01 2.458e-01 2.355e-05 1.233e-05 6.929e-05 -1.000 1.637e-04 -2.013 3.735 2.952 1.431 -0.356 -0.493 -0.690 -1.151 -1.556 -1.901 -2.103 -2.628 -2.705 -3.115 -3.262 -3.440 -3.666 -3.884
0.00015547 -2.00000 10.07918 0.8020465374 2.4194381237    0.743  2.753  3.6761  1.212    7  0.000  0.443    12.05     8.81     6.12     4.77     3.86  2    -1e-30      0.00 7.539e-01 2.460e-01 2.312e-05 1.287e-05 6.928e-05 -1.000 1.637e-04 -2.113 3.754 3.005 1.496 -0.346 -0.521 -0.742 -1.222 -1.641 -1.992 -2.198 -2.731 -2.809 -3.224 -3.372 -3.551 -3.780 -4.000
0.00015547 -2.00000 10.07918 0.8020526171 2.4194402695    0.743  2.794  3.6737  1.162    7  0.000  0.435    13.41     9.65     6.67     5.21     4.22  2    -1e-30      0.00 7.536e-01 2.462e-01 2.273e-05 1.334e-05 6.926e-05 -1.000 1.637e-04 -2.214 3.779 3.067 1.570 -0.328 -0.545 -0.791 -1.293 -1.725 -2.086 -2.296 -2.836 -2.915 -3.335 -3.485 -3.666 -3.897 -4.119
0.00015547 -2.00000 10.07918 0.8020578623 2.4194421768    0.743  2.835  3.6712  1.111    7  0.000  0.429    14.95    10.58     7.29     5.70     4.62  2    -1e-30      0.00 7.534e-01 2.464e-01 2.240e-05 1.376e-05 6.922e-05 -1.000 1.637e-04 -2.317 3.813 3.140 1.654 -0.301 -0.561 -0.835 -1.361 -1.809 -2.178 -2.393 -2.941 -3.022 -3.448 -3.599 -3.781 -4.015 -4.240
0.00015547 -2.00000 10.07918 0.8020623326 2.4194436073    0.743  2.875  3.6688  1.061    7  0.000  0.424    16.64    11.59     7.95     6.23     5.04  2    -1e-30      0.00 7.532e-01 2.466e-01 2.212e-05 1.411e-05 6.915e-05 -1.000 1.636e-04 -2.418 3.850 3.222 1.748 -0.264 -0.570 -0.873 -1.426 -1.889 -2.269 -2.488 -3.045 -3.127 -3.558 -3.711 -3.895 -4.132 -4.359
0.00015547 -2.00000 10.07918 0.8020661473 2.4194450378    0.743  2.916  3.6662  1.009    7  0.000  0.420    18.56    12.72     8.68     6.81     5.52  2    -1e-30      0.00 7.530e-01 2.469e-01 2.187e-05 1.446e-05 6.904e-05 -1.000 1.556e-04 -2.521 3.891 3.314 1.855 -0.215 -0.571 -0.906 -1.487 -1.969 -2.359 -2.584 -3.150 -3.233 -3.671 -3.826 -4.011 -4.251 -4.481
0.00015547 -2.00000 10.07918 0.8020696044 2.4194462299    0.743  2.957  3.6637  0.959    7  0.000  0.417    20.67    13.94     9.48     7.44     6.03  2    -1e-30      0.00 7.528e-01 2.471e-01 2.167e-05 1.477e-05 6.890e-05 -1.000 1.390e-04 -2.621 3.936 3.413 1.976 -0.150 -0.558 -0.927 -1.541 -2.042 -2.446 -2.676 -3.253 -3.338 -3.782 -3.938 -4.126 -4.368 -4.601
0.00015547 -2.00000 10.07918 0.8020731211 2.4194474220    0.743  2.999  3.6609  0.906    7  0.000  0.415    23.15    15.35    10.39     8.17     6.62  1    -1e-30      0.00 7.525e-01 2.473e-01 2.150e-05 1.508e-05 6.873e-05 -1.000 1.636e-04 -2.728 3.991 3.526 2.117 -0.066 -0.530 -0.938 -1.591 -2.116 -2.534 -2.772 -3.362 -3.448 -3.900 -4.058 -4.247 -4.492 -4.727
0.00015547 -2.00000 10.07918 0.8020762801 2.4194486141    0.743  3.043  3.6581  0.851    7  0.000  0.414    26.02    16.95    11.42     9.00     7.30  1    -1e-30      0.00 7.523e-01 2.475e-01 2.136e-05 1.536e-05 6.856e-05 -1.000 1.636e-04 -2.837 4.047 3.641 2.274 0.031 -0.492 -0.941 -1.637 -2.187 -2.623 -2.869 -3.473 -3.560 -4.021 -4.181 -4.372 -4.620 -4.858
0.00015547 -2.00000 10.07918 0.8020777702 2.4194490910    0.743  3.066  3.6566  0.821    7  0.000  0.413    27.74    17.89    12.03     9.49     7.69  1    -1e-30      0.00 7.522e-01 2.477e-01 2.128e-05 1.556e-05 6.843e-05 -1.000 1.636e-04 -2.896 4.082 3.690 2.320 0.049 -0.495 -0.957 -1.669 -2.229 -2.671 -2.920 -3.531 -3.619 -4.084 -4.246 -4.438 -4.688 -4.927
0.00015547 -2.00000 10.07918 0.8020781875 2.4194490910    0.743  3.061  3.6569  0.828    7  0.000  0.413    27.32    17.67    11.88     9.37     7.60  1    -1e-30      0.00 7.521e-01 2.477e-01 2.125e-05 1.566e-05 6.836e-05 -1.000 1.636e-04 -2.882 4.076 3.681 2.312 0.047 -0.493 -0.952 -1.660 -2.218 -2.659 -2.907 -3.517 -3.605 -4.069 -4.230 -4.422 -4.672 -4.911
0.00015547 -2.00000 10.07918 0.8020783067 2.4194493294    0.743  3.060  3.6569  0.829    7  0.000  0.413    27.26    17.63    11.86     9.35     7.58  1    -1e-30      0.00 7.521e-01 2.477e-01 2.124e-05 1.567e-05 6.835e-05 -1.000 1.637e-04 -2.880 4.075 3.680 2.311 0.047 -0.492 -0.951 -1.659 -2.217 -2.658 -2.905 -3.515 -3.603 -4.067 -4.228 -4.420 -4.669 -4.908
0.00015547 -2.00000 10.07918 0.8020783663 2.4194493294    0.743  3.060  3.6569  0.828    7  0.000  0.413    27.28    17.64    11.87     9.36     7.59  1    -1e-30      0.00 7.521e-01 2.477e-01 2.124e-05 1.568e-05 6.835e-05 -1.000 1.636e-04 -2.880 4.075 3.680 2.311 0.047 -0.492 -0.951 -1.659 -2.217 -2.658 -2.906 -3.515 -3.603 -4.067 -4.228 -4.420 -4.670 -4.909
0.00015547 -2.00000 10.07918 0.8020784855 2.4194493294    0.743  3.067  3.6565  0.819    7  0.000  0.413    27.81    17.94    12.06     9.51     7.71  1    -1e-30      0.00 7.521e-01 2.477e-01 2.123e-05 1.570e-05 6.834e-05 -1.000 1.636e-04 -2.899 4.085 3.694 2.323 0.050 -0.494 -0.957 -1.670 -2.230 -2.673 -2.922 -3.533 -3.622 -4.087 -4.248 -4.441 -4.691 -4.930
0.00015547 -2.00000 10.07918 0.8020786047 2.4194493294    0.743  3.072  3.6562  0.813    7  0.000  0.413    28.17    18.13    12.18     9.61     7.79  1    -1e-30      0.00 7.521e-01 2.477e-01 2.123e-05 1.571e-05 6.833e-05 -1.000 1.636e-04 -2.911 4.091 3.702 2.331 0.053 -0.496 -0.961 -1.677 -2.239 -2.683 -2.932 -3.545 -3.634 -4.100 -4.261 -4.454 -4.704 -4.944
0.00015547 -2.00000 10.07918 0.8020787835 2.4194493294    0.743  3.081  3.6556  0.802    7  0.000  0.412    28.87    18.51    12.43     9.80     7.95  1    -1e-30      0.00 7.521e-01 2.478e-01 2.122e-05 1.573e-05 6.832e-05 -1.000 1.636e-04 -2.934 4.103 3.719 2.347 0.058 -0.498 -0.968 -1.689 -2.255 -2.702 -2.952 -3.567 -3.656 -4.124 -4.286 -4.479 -4.730 -4.970
0.00015547 -2.00000 10.07918 0.8020789623 2.4194493294    0.743  3.101  3.6543  0.777    7  0.000  0.412    30.41    19.35    12.96    10.23     8.30  1    -1e-30      0.00 7.520e-01 2.479e-01 2.117e-05 1.589e-05 6.820e-05 -1.000 1.637e-04 -2.982 4.132 3.759 2.382 0.070 -0.501 -0.982 -1.716 -2.289 -2.741 -2.994 -3.614 -3.704 -4.176 -4.339 -4.533 -4.785 -5.027
0.00015547 -2.00000 10.07918 0.8020793200 2.4194495678    0.743  3.148  3.6510  0.717    7  0.000  0.411    34.57    21.58    14.38    11.37     9.23  1    -1e-30      0.00 7.517e-01 2.481e-01 2.103e-05 1.630e-05 6.790e-05 -1.000 1.636e-04 -3.100 4.210 3.864 2.479 0.108 -0.503 -1.011 -1.776 -2.369 -2.835 -3.094 -3.729 -3.821 -4.302 -4.468 -4.664 -4.920 -5.165
0.00015547 -2.00000 10.07918 0.8020799160 2.4194498062    0.743  3.212  3.6465  0.635    7  0.523  0.410    41.21    25.05    16.59    13.14    10.67  1    -1e-30      0.00 7.512e-01 2.487e-01 2.077e-05 1.715e-05 6.730e-05 -1.000 1.637e-04 -3.260 4.298 3.993 2.620 0.167 -0.502 -1.046 -1.855 -2.474 -2.960 -3.227 -3.882 -3.977 -4.473 -4.642 -4.842 -5.103 -5.353
0.00015547 -2.00000 10.07918 0.8020802140 2.4194498062    0.743  3.225  3.6424  0.606    8  0.521  0.424    43.81    26.39    17.43    13.82    11.22  1 -3.77e-07      0.00 7.511e-01 2.488e-01 2.167e-05 1.739e-05 6.785e-05 -1.000 1.603e-04 -3.291 4.441 4.165 2.809 0.290 -0.416 -0.984 -1.823 -2.462 -2.961 -3.234 -3.904 -4.002 -4.509 -4.682 -4.885 -5.152 -5.407
0.00015547 -2.00000 10.07918 0.8020802736 2.4194498062    0.741  3.003  3.6576  0.887    8  0.521  0.426    24.05    15.85    10.71     8.43     6.83  1 -1.58e-07      0.00 7.511e-01 2.488e-01 2.167e-05 1.739e-05 6.785e-05 -1.000 1.603e-04 -2.737 4.137 3.730 2.360 0.115 -0.401 -0.847 -1.540 -2.088 -2.522 -2.767 -3.370 -3.458 -3.919 -4.080 -4.272 -4.521 -4.760
0.00015547 -2.00000 10.07918 0.8020803928 2.4194500446    0.739  2.847  3.6682  1.084    8  0.521  0.426    15.82    11.10     7.62     5.97     4.84  2 -9.14e-08      0.00 7.511e-01 2.488e-01 2.167e-05 1.739e-05 6.785e-05 -1.000 1.603e-04 -2.348 3.923 3.303 1.837 -0.180 -0.488 -0.794 -1.350 -1.816 -2.197 -2.417 -2.975 -3.056 -3.489 -3.643 -3.827 -4.064 -4.293
0.00015547 -2.00000 10.07918 0.8020806313 2.4194500446    0.733  2.635  3.6826  1.351    8  0.521  0.426     8.94     6.84     4.80     3.73     3.02  3 -4.67e-08      0.00 7.511e-01 2.488e-01 2.167e-05 1.739e-05 6.785e-05 -1.000 1.603e-04 -1.817 3.733 2.905 1.359 -0.332 -0.407 -0.567 -0.997 -1.383 -1.715 -1.911 -2.426 -2.502 -2.903 -3.047 -3.223 -3.444 -3.658
0.00015547 -2.00000 10.07918 0.8020809293 2.4194500446    0.726  2.640  3.6820  1.339    8  0.521  0.426     9.14     6.97     4.88     3.80     3.07  3 -4.79e-08      0.00 7.511e-01 2.488e-01 2.167e-05 1.739e-05 6.785e-05 -1.000 1.603e-04 -1.830 3.745 2.922 1.380 -0.324 -0.406 -0.571 -1.005 -1.393 -1.727 -1.924 -2.441 -2.516 -2.918 -3.063 -3.239 -3.461 -3.675
0.00015547 -2.00000 10.07918 0.8020813465 2.4194502831    0.718  2.723  3.6761  1.227    8  0.521  0.426    11.55     8.50     5.91     4.61     3.73  2 -6.27e-08      0.00 7.511e-01 2.488e-01 2.167e-05 1.739e-05 6.785e-05 -1.000 1.603e-04 -2.037 3.818 3.068 1.561 -0.276 -0.449 -0.668 -1.148 -1.566 -1.917 -2.123 -2.655 -2.733 -3.148 -3.296 -3.476 -3.704 -3.925
0.00015547 -2.00000 10.07918 0.8020818233 2.4194505215    0.707  2.910  3.6631  0.982    8  0.522  0.426    19.42    13.20     8.98     7.06     5.72  2 -1.19e-07      0.00 7.511e-01 2.488e-01 2.167e-05 1.739e-05 6.785e-05 -1.000 1.603e-04 -2.504 4.059 3.543 2.110 -0.021 -0.430 -0.802 -1.419 -1.922 -2.326 -2.557 -3.135 -3.219 -3.665 -3.822 -4.010 -4.253 -4.486
0.00015547 -2.00000 10.07918 0.8020823598 2.4194505215    0.695  3.078  3.6512  0.759    8  0.522  0.426    31.17    19.68    13.15    10.41     8.44  1 -2.28e-07      0.00 7.511e-01 2.488e-01 2.167e-05 1.739e-05 6.785e-05 -1.000 1.602e-04 -2.925 4.341 3.988 2.599 0.238 -0.359 -0.859 -1.615 -2.202 -2.664 -2.921 -3.553 -3.645 -4.125 -4.290 -4.487 -4.743 -4.988
0.00015547 -2.00000 10.07918 0.8020830154 2.4194507599    0.681  3.191  3.6431  0.605    8  0.522  0.426    43.09    25.83    17.05    13.56    11.00  1  -3.7e-07      0.00 7.511e-01 2.488e-01 2.167e-05 1.739e-05 6.785e-05 -1.000 1.602e-04 -3.206 4.498 4.218 2.860 0.352 -0.349 -0.913 -1.748 -2.384 -2.881 -3.153 -3.821 -3.918 -4.424 -4.596 -4.798 -5.064 -5.318
0.00015547 -2.00000 10.07918 0.8020837307 2.4194509983    0.666  3.252  3.6385  0.515    8  0.523  0.426    52.02    30.22    19.80    15.79    12.81  1 -4.97e-07      0.00 7.511e-01 2.488e-01 2.167e-05 1.739e-05 6.785e-05 -1.000 1.602e-04 -3.361 4.577 4.327 3.027 0.440 -0.322 -0.924 -1.808 -2.474 -2.994 -3.275 -3.966 -4.067 -4.587 -4.764 -4.970 -5.241 -5.500
0.00015547 -2.00000 10.07918 0.8020845056 2.4194514751    0.650  3.283  3.6360  0.464    8  0.523  0.426    57.83    32.96    21.49    17.18    13.94  1 -5.89e-07      0.00 7.511e-01 2.488e-01 2.167e-05 1.739e-05 6.785e-05 -1.000 1.602e-04 -3.437 4.621 4.380 3.130 0.499 -0.293 -0.913 -1.826 -2.511 -3.044 -3.331 -4.036 -4.139 -4.669 -4.847 -5.056 -5.330 -5.592
0.00015547 -2.00000 10.07918 0.8020853996 2.4194517136    0.632  3.301  3.6343  0.427    8  0.524  0.426    62.22    34.95    22.72    18.20    14.76  1 -6.65e-07      0.00 7.511e-01 2.488e-01 2.167e-05 1.739e-05 6.785e-05 -1.000 1.602e-04 -3.482 4.659 4.421 3.207 0.548 -0.264 -0.897 -1.830 -2.527 -3.070 -3.361 -4.076 -4.180 -4.716 -4.897 -5.107 -5.383 -5.646
0.00015547 -2.00000 10.07918 0.8020895123 2.4194531441    0.526 -9.999  4.0000  1.883    9  0.526  0.000     0.00     0.00     0.00     0.00     0.00 -1    -1e-30      0.00 7.511e-01 2.488e-01 2.167e-05 1.739e-05 6.785e-05 -1.000 1.602e-04 29.767 29.836 29.813 29.822 29.900 29.935 30.064 30.071 30.078 30.066 30.067 30.065 30.053 30.073 30.076 30.087 30.086 30.081
#isochrone terminated
